#ST: 0
#COPY: att/input0.txt

# N   N0   M   S    NOTA: N1 := N-N0 >= 0

#ST: 10
    10     10      50  3737471
   100    100     500  3737472
  1000   1000    3000  3737473

#ST: 15
 10000   10000    40000  3737474
100000  100000   300000  3737475
200000  200000   500000  3737476

#ST: 10
    10      1      40  3737471
   100      1     500  3737472
  1000      1    3000  3737473

#ST: 15
 10000      1    30000  3737474
100000      1   300000  3737475
200000      1   500000  3737476

#ST: 25
     10      5      30  3737471
     20     10      30  3737472
     50     25     200  3737473
    100     50     300  3737474
    200    100     800  3737475
    500    300    1500  3737476
   1000    300    3000  3737477

#ST: 25
 10000    5000    80000  3737474
100000   50000   500000  3737475
200000  100000   500000  3737476

