#arg1 -> t
#arg2 -> N
#arg3 -> Max K_i
#arg4 -> seed
#[arg5] -> vincitore (riferito al gioco singolo)
#[arg6] -> che tavolo muove il computer (solo t = 1)
#ST: 1
#COPY: gen/input0.txt
#COPY: gen/input1.txt
#COPY: gen/input2.txt
#COPY: gen/input3.txt

#ST: 2
1 1 0 1 1 T
1 1 0 2 1 T
1 1 0 3 1 N
1 1 0 4 1
1 1 0 5 1

#ST: 2
2 1 0 10 1
2 1 0 20 1
2 1 0 30 1
2 1 0 40 1
2 1 0 50 1

#ST: 15
1 2 0 100 1 T
1 2 0 200 0 T
1 2 0 300 0 N
1 2 0 400 1
1 2 0 500 1

#ST: 10
2 2 0 110 1
2 2 0 210 0
2 2 0 310 0
2 2 0 410 1
2 2 0 510 1

#ST: 15
1 3 0 1000 1 N
1 3 0 2000 1 N
1 3 0 3000 1 T
1 3 0 4000 0
1 3 0 5000 1

#ST: 10
2 3 0 1100 1
2 3 0 2100 1
2 3 0 3100 1
2 3 0 4100 0
2 3 0 5100 0

#ST: 15
1 10 0 10000 1 N
1 20 0 20000 0 N
1 40 0 30000 0 T
1 80 0 40000 0
1 99 0 50000 1

#ST: 10
2 12 0 11000 1
2 32 0 21000 1
2 55 0 31000 1
2 65 0 41000 0
2 99 0 51000 0

#ST: 10
1 10000 0 100000 1 T
1 20000 0 200000 1 N
1 40000 0 300000 0 T
1 80000 0 400000 0
1 99999 0 500000 1

#ST: 10
2 10000 0 110000 1
2 20000 0 210000 1
2 40000 0 310000 1
2 80000 0 410000 1
2 99999 0 510000 0
