# T N E F ins_errors seed
#ST: 2
-1
-2
-3
#ST: 5
12 10000 0 0 2001
12 10000 0 0 2002
12 10000 0 0 2003
12 10000 0 0 2004
12 10000 0 0 2005
#ST: 5
12 10000 1 1 3001
12 10000 1 1 3002
12 10000 1 1 3003
12 10000 1 1 3004
12 10000 1 1 3005
#ST: 5
12 10000 0 1000 4001
12 10000 0 1000 4002
12 10000 0 1000 4003
12 10000 0 1000 4004
12 10000 0 1000 4005

#ST: 9
100 10000 0 0 5001
100 10000 0 0 5002
100 10000 0 0 5003
100 10000 0 0 5004
100 10000 0 0 5005
#ST: 6
100 10000 5 5 6001
100 10000 5 5 6002
100 10000 5 5 6003
100 10000 5 5 6004
100 10000 5 5 6005
#ST: 6
100 10000 0 1000 7001
100 10000 0 1000 7002
100 10000 0 1000 7003
100 10000 0 1000 7004
100 10000 0 1000 7005

#ST: 6
1000 10000 0 0 8001
1000 10000 0 0 8002
1000 10000 0 0 8003
1000 10000 0 0 8004
1000 10000 0 0 8005
#ST: 9
1000 10000 8 8 9001
1000 10000 8 8 9002
1000 10000 8 8 9003
1000 10000 8 8 9004
1000 10000 8 8 9005
#ST: 6
1000 10000 0 1000 10001
1000 10000 0 1000 10002
1000 10000 0 1000 10003
1000 10000 0 1000 10004
1000 10000 0 1000 10005


#ST: 6
100000 10000 0 0 11001
100000 10000 0 0 11002
100000 10000 0 0 11003
100000 10000 0 0 11004
100000 10000 0 0 11005
#ST: 6
100000 10000 -3 -3 12001
100000 10000 -3 -3 12002
100000 10000 -3 -3 12003
100000 10000 -3 -3 12004
100000 10000 -3 -3 12005
#ST: 9
100000 10000 0 1000 13001
100000 10000 0 1000 13002
100000 10000 0 1000 13003
100000 10000 0 1000 13004
100000 10000 0 1000 13005

#ST: 10
100000 0 -1000 1000 11001
100000 0 -1000 1000 11002
100000 0 -1000 1000 11003
100000 0 -1000 1000 11004
100000 0 -1000 1000 11005
#ST: 10
100000 10000 -1000 1000 11001
100000 10000 -1000 1000 11002
100000 10000 -1000 1000 11003
100000 10000 -1000 1000 11004
100000 10000 -1000 1000 11005




