# N     M       type seed
#ST: 1
-1
-2
#ST: 1
1       500     0 2001
1       500     0 2002
1       500     0 2000
#ST: 3
2       1000    0 3000
3       5000    0 3001
3       5000    0 3002
#ST: 5
4       5000    0 4001
5       2000    0 4002
5       5000    0 4003
5       5000    0 4004
5       5000    0 4005

#ST: 5
800     20000    0 5001
1000    7572     0 5002
1000    20000    0 5003
1000    20000    0 5004
1000    20000    0 5005
#ST: 8
10000   20000    1 6001
10000   20000    1 6002
10000   20000    1 6003
10000   20000    1 6004
10000   20000    1 6005
#ST: 12
50000  200000   1 7001
100000 100000   1 7002
100000 200000   1 7003
100000 200000   1 7004
100000 200000   1 7005

#ST: 25
100000 200000   2 8001
100000 100000   2 8002
100000 200000   2 8003
100000 200000   2 8004
100000 200000   2 8005

#ST: 20
100000 200000   3 9001
100000 200000   3 9002
100000 200000   3 9003
100000 200000   3 9004
100000 200000   3 9005
#ST: 20
100000 200000   0 10001
100000 200000   0 10002
100000 200000   0 10003
100000 200000   0 10004
100000 200000   0 10005