#ST: 0
#COPY: att/input0.txt
#COPY: att/input1.txt
#COPY: att/input2.txt

# m, n, max_val, x_all_zero, w_is_shuffle_for_sure, output_type, seed

# m + n <= 20. Type 0.
#ST: 20
10 10 2 0 1 0 777
10 10 2 0 0 0 7771
10 10 1 0 1 0 777
10 10 1 0 0 0 7771

# m + n <= 20. Type 1.
#ST: 10
10 10 2 0 1 1 777
10 10 2 0 0 1 7771
10 10 1 0 1 1 777
10 10 1 0 0 1 7771

# first sequence is x=0^m. Type 0.
#ST: 20
1000 1000 3 1 1 0 3777
1000 1000 3 1 0 0 37771
1000 1000 2 1 1 0 777
1000 1000 2 1 0 0 7771
1000 1000 1 1 1 0 777
1000 1000 1 1 0 0 7771

# first sequence is x=0^m. Type 1.
#ST: 10
1000 1000 3 1 1 1 3777
1000 1000 3 1 0 1 37771
1000 1000 2 1 1 1 777
1000 1000 2 1 0 1 7771
1000 1000 1 1 1 1 777
1000 1000 1 1 0 1 7771

# m, n ≤ 1000. Type 0.
#ST: 25
1000 1000 3 0 1 0 3777
1000 1000 3 0 0 0 37771
1000 1000 2 0 1 0 777
1000 1000 2 0 0 0 7771
1000 1000 1 0 1 0 777
1000 1000 1 0 0 0 7771

# m, n ≤ 1000 Type 1.
#ST: 15
1000 1000 3 0 1 1 3777
1000 1000 3 0 0 1 37771
1000 1000 2 0 1 1 777
1000 1000 2 0 0 1 7771
1000 1000 1 0 1 1 777
1000 1000 1 0 0 1 7771

