# Subtask  1 [ 10 punti]: $g=1$, $n\leq 100$, $m\leq 1000$.
#ST: 10
# goal, N, Mmax, yes_no, S
  1     8    18       1  17770 
  1     8    18       0  17770
  1    10    20       1  17771 
  1    10    20       0  17771
  1     8    18       1  7770 
  1     8    18       0  7770
  1    10    20       1  7771 
  1    10    20       0  7771
  1    20    40       1  7772 
  1    20    40       0  7773 
  1    50   140       1  7773 
  1    50   140       0  7773 
  1    70  1200       1  7774 
  1    70  1200       0  7774 

# Subtask  2 [ 10 punti]: $g=1$, $n\leq 10\,000$, $m\leq 200\,000$.
#ST: 10
# goal, N, Mmax, yes_no, S
  1     200    2000     1  7770 
  1     200    2000     0  7770
  1     500    8008     1  7770 
  1     500    8008     0  7770
  1    1000   10000     1  7771 
  1    1000   10000     0  7771
  1    2000   30000     1  7772 
  1    2000   30000     0  7773 
  1    5000   80000     1  7773 
  1    5000   80000     0  7773 
  1   10000  200000     1  7774 
  1   10000  200000     0  7774 

# Subtask  3 [ 10 punti]: $g=2$, $n\leq 100$, $m\leq 1000$.
#ST: 10
# goal, N, Mmax, yes_no, S
  2     8    18       1  17770 
  2     8    18       0  17770
  2    10    20       1  17771 
  2    10    20       0  17771
  2     8    18       1  7770 
  2     8    18       0  7770
  2    10    20       1  7771 
  2    10    20       0  7771
  2    20    40       1  7772 
  2    20    40       0  7773 
  2    50   140       1  7773 
  2    50   140       0  7773 
  2    70  1200       1  7774 
  2    70  1200       0  7774 

# Subtask  4 [ 10 punti]: $g=2$, $n\leq 10\,000$, $m\leq 200\,000$.
#ST: 10
# goal, N, Mmax, yes_no, S
  2     200    2000     1  17770 
  2     200    2000     0  17770
  2     500    8008     1  17770 
  2     500    8008     0  17770
  2     200    2000     1  7770 
  2     200    2000     0  7770
  2     500    8008     1  7770 
  2     500    8008     0  7770
  2    1000   10000     1  7771 
  2    1000   10000     0  7771
  2    2000   30000     1  7772 
  2    2000   30000     0  7773 
  2    5000   80000     1  7773 
  2    5000   80000     0  7773 
  2   10000  200000     1  7774 
  2   10000  200000     0  7774 

# Subtask  5 [ 10 punti]: $g=3$, $n\leq 100$, $m\leq 1000$.
#ST: 10
# goal, N, Mmax, yes_no, S
  3     8    18       1  117770 
  3     8    18       1  127770
  3    10    20       1  17771 
  3    20    40       1  17773 
  3     8    18       1  7770
  3    10    20       1  7771 
  3    20    40       1  7773 
  3    50   140       1  7773 
  3    70  1200       1  7774 

# Subtask  6 [ 10 punti]: $g=3$, $n\leq 10\,000$, $m\leq 200\,000$.
#ST: 10
# goal, N, Mmax, yes_no, S
  3     100    1000     1  11770 
  3     100    1000     1  12770
  3     200    2000     1  17770 
  3     500    8008     1  17770
  3     200    2000     1  7770 
  3     500    8008     1  7770
  3    1000   10000     1  7771 
  3    2000   30000     1  7773 
  3    5000   80000     1  7773 
  3   10000  200000     1  7774 
  3   10000  200000     1  17774 

# Subtask  7 [ 10 punti]: $g=4$, $n\leq 100$, $m\leq 1000$.
#ST: 10
# goal, N, Mmax, yes_no, S
  4     8    18       1  117770 
  4     8    18       1  127770
  4    10    20       1  17771 
  4    20    40       1  17773 
  4     8    18       1  7770
  4    10    20       1  7771 
  4    20    40       1  7773 
  4    50   140       1  7773 
  4    70  1200       1  7774 

# Subtask  8 [ 10 punti]: $g=4$, $n\leq 10\,000$, $m\leq 200\,000$.
#ST: 10
# goal, N, Mmax, yes_no, S
  4     100    1000     1  11770 
  4     100    1000     1  12770
  4     200    2000     1  17770 
  4     500    8008     1  17770
  4     200    2000     1  7770 
  4     500    8008     1  7770
  4    1000   10000     1  7771 
  4    2000   30000     1  7773 
  4    5000   80000     1  7773 
  4   10000  200000     1  7774 
  4   10000  200000     1  17774 

# Subtask 9 [ 10 punti]: $g=5$, $n\leq 100$, $m\leq 1000$.
#ST: 10
# goal, N, Mmax, yes_no, S
  5     8    18       1  117770 
  5     8    18       1  127770 
  5    10    20       1  17771 
  5    20    40       1  17773 
  5     8    18       1  7770
  5    10    20       1  7771 
  5    20    40       1  7773 
  5    50   140       1  7775 
  5    70  1200       1  7774 

# Subtask 10 [ 10 punti]: $g=5$, $n\leq 10\,000$, $m\leq 200\,000$.
#ST: 10
# goal, N, Mmax, yes_no, S
  5     100    1000     1  1770 
  5     200    2000     1  17770
  5     500    8008     1  17770 
  5     200    2000     1  7770
  5     500    8008     1  7770 
  5    1000   10000     1  7771
  5    2000   30000     1  7772 
  5    5000   80000     1  7773 
  5   10000  200000     1  7774 
  5   10000  200000     1  17774 

