#ST: 1
#COPY: gen/input0.txt
#COPY: gen/input1.txt
#COPY: gen/input2.txt

#ST: 4
100 1 1
400 1 1
600 1 1
800 1 1

#ST: 5
8 2 2
10 3 3
12 4 2
16 5 4
20 6 5

#ST: 5
28 20 11
38 30 12
42 40 13
50 50 14
50 60 15

#ST: 5
66 200 7
78 300 6
82 400 10
90 500 30
100 600 30

#ST: 5
650 2000 77
782 3000 65
822 4000 10
900 5000 30
1000 6000 100

#ST: 5
6500 20000 777
7820 30000 1237
82200 40000 1691
90000 50000 1912
100000 60500 500
100000 60510 1500

#ST: 15
8 2
10 3
12 4
16 5 0
20 6

#ST: 20
28 21
38 31
44 41 0
50 51
50 61

#ST: 20
650 2001
782 3001
824 4001 0
900 5001
1000 6001

#ST: 15
65002 20001
78204 30001
822006 40001
900008 50001 0
1000000 60001
1000000 62101