# N M T HMIN HMAX
#ST: 1
-1
-2
-3
#ST: 1
1 5         0 -1000000 1000000 1001
#ST: 3
3 500       0 -1000000 1000000 2001
3 500       0 -1000000 1000000 2002
3 500       0 -1000000 1000000 2003
#ST: 5
10 100      0 -1000000 1000000 4001
10 250      0 -1000000 1000000 4002
10 500      0 -1000000 1000000 4003
10 500      0 -1000000 1000000 4004
10 500      0 -1000000 1000000 4005

#ST: 5
500  1000   0 -1000000 1000000 5001
750  1000   0 -1000000 1000000 5002
1000 1000   0 -1000000 1000000 5003
1000 1000   0 -1000000 1000000 5004
1000 1000   0 -1000000 1000000 5005

#ST: 10
5000  1000   1 -1000000 1000000 6001
7500  1000   1 -1000000 1000000 6002
10000 1000   1 -1000000 1000000 6003
10000 1000   1 -1000000 1000000 6004
10000 1000   1 -1000000 1000000 6005

#ST: 15
50000  100000   1 -1000000 1000000 7001
75000  100000   1 -1000000 1000000 7002
100000 100000   1 -1000000 1000000 7003
100000 100000   1 -1000000 1000000 7004
100000 100000   1 -1000000 1000000 7005

#ST: 25
50000  100000   3 -1000000 1000000 9001
75000  100000   3 -1000000 1000000 9002
100000 100000   3 -1000000 1000000 9003
100000 100000   3 -1000000 1000000 9004
100000 100000   3 -1000000 1000000 9005

#ST: 35
50000  100000   0 -1000000 1000000 10001
75000  100000   0 -1000000 1000000 10002
100000 100000   0 -1000000 1000000 10003
100000 100000   0 -1000000 1000000 10004
100000 100000   0 -1000000 1000000 10005
