#ST: 0
#COPY: att/input0.txt
#COPY: att/input1.txt

#ST: 1
10 10    1 1  1777
450 372  1 1  2777
500 333  1 1  3777

#ST: 2
1  10 0 100   1777
1 498 0 100   2777
1 499 0 100   3777
1 500 0 100   4777

#ST: 4
 10 1  0 100   1777
498 1  0 100   2777
499 1  0 100   3777
500 1  0 100   4777

#ST: 8
 10 2  0 100   1777
498 2  0 100   2777
499 2  0 100   3777
500 2  0 100   4777

#ST: 16
2  10 0 100   1777
2 498 0 100   2777
2 499 0 100   3777
2 500 0 100   4777

#ST: 32
10 10  0 100     1777
 9 10  0 1000    2777
10  9  0 10000   3777
 9  9  0 100000  4777

#ST: 37
100 100 0 100   1777
498 498 0 100   2777
499 499 0 100   3777
500 500 0 100   4777
