30 30 0 2 20
000000000000000000000000000000
000000000000000000000000000000
0000000000000000000000G0000000
000000P00000000000000000000000
00000####000000000000000000000
000000000000000000000000000000
000000000000000000000000000000
000000000000000000000000000000
000000000000000000000000000000
000000000000000000000000000000
###########G0#############0000
000000000000000000000000000000
0000000E0000000000000000000000
000000000000000000000000000000
000000000000000000000000000000
000000000000000000000000000000
000000000000000000000000000000
000000000000000000000000000000
000000000000000000000000000000
000000000000000000000000000000
000000000000000000000000000000
000000000000000000000000000000
000000000000000000000000000000
000000000000000000000000000000
000000000000000000000000000000
000000000000000000000000000000
000000000000000000000000E00000
000000000000000000000000000000
000000000000000000000000000000
000000000000000000000000000000
