30 30 0 2 20
000000000000000000000000000000
000000000000000000000000000000
0000000000000000000000G0000000
000000000000000000000000000000
000000000000000000000000000000
000000000000000000000000000000
00000000P000000000000000000000
000000000000000000000000000000
000000000000000000000000000000
000000000000000000000000000000
00000000000G000000000000000000
000000000000000000000000000000
0000000000000000000E0000000000
000000000000000000000000000000
000000000000000000000000000000
000000000000000000000000000000
000000000000000000000000000000
000000000000000000000000000000
000000000000000000000000000000
000000000000000000000000000000
000000000000000000000000000000
000000000000000000000000000000
000000000000000000000000000000
000000000000000000000000000000
000000000000000000000000000000
000000000000000000000000000000
000000000000000000000000000000
000000000000000000000000000000
000000000000000000000000000000
000000000000000000000000000000
