# N     M       P   type seed
#ST: 2
-1
-2
#ST: 5
100     10      50   0   2001
500     10      300  1   2002
1000    10      300  0   2003
#ST: 6
100     15      50   1   3000
500     15      300  0   3001
1000    15      300  0   3002
#ST: 11
100     20      50   0   4000
500     20      300  0   4001
1000    20      300  1   4002
1000    20      300  0   4003

#ST: 21
500     132     2    0   5001
1000    250     2    1   5002
1000    500     2    0   5003
1000    750     2    1   5004
1000    325     2    0   5005
#ST: 30
1000    1       300  2   6001
1000    1       300  2   6002
1000    1       300  2   6003
1000    1       300  2   6004
1000    1       300  2   6005
#ST: 25
500     300     100  1   7001
500     300     200  0   7002
500     500     500  1   7003
500     200     100  0   7004
700     150     200  0   7005
500     500     50   1   7006