#ST: 0
#COPY: att/input0.txt
#COPY: att/input1.txt

#ST: 20
1000 1 1 1
1000 1 1 2
1000 1 1 3
1000 1 1 4
1000 1 1 5

#ST: 10
100000 1 1 1
100000 1 1 2
100000 1 1 3
100000 1 1 4
100000 1 1 5

#ST: 10
 50000 1 1 1
 50000 1 1 2
100000 1 1 3
1000000 1 1 4
1000000 1 1 5

#ST: 10
10 0 3 1
10 0 3 2
16 0 3 3
20 0 3 4
20 0 3 5

#ST: 10
100 0 5 1
100 0 5 2
100 0 5 3
100 0 5 4
100 0 5 5

#ST: 10
1000 0    5 1
1000 0   10 2
1000 0   25 3
1000 0  500 4
1000 0 1000 5

#ST: 10
50000 0    5 17
10000 0   10 27
50000 0   25 37
10000 0  500 47
50000 0 1000 57

#ST: 20
100000 0 5 1
100000 0 5 2
500000 0 5 3
100000 0 15 4
1000000 0 50 5
