2 10000 9999
1182 1131
798 764
7029 7120
6256 6339
3946 3994
6703 6677
7394 7272
4490 4535
2614 2596
1831 1894
3718 3808
2639 2628
624 605
2350 2329
3450 3385
1026 1072
7014 6903
109 111
8040 8100
2211 2278
2095 2135
6403 6454
6013 5875
5531 5396
1784 1803
6083 6177
7772 7825
8050 8035
4036 3946
1008 1024
8952 9108
221 214
7615 7545
1414 1404
862 899
8040 8126
2062 2043
1568 1497
7487 7331
7847 8025
7029 7171
1274 1292
1629 1679
7286 7213
8067 8215
8067 8250
2344 2329
5064 5167
6805 6714
3336 3256
1831 1881
1784 1826
8952 9100
3946 3986
8839 8747
4203 4092
1591 1622
4522 4616
6714 6799
8892 8747
4490 4585
2385 2510
5601 5468
6133 6201
3104 3070
2385 2429
2608 2596
4732 4598
1497 1547
3965 3879
2628 2701
2953 3028
2859 2880
2566 2504
8498 8735
2504 2573
2604 2596
8389 8421
4985 4932
3879 3977
1131 1158
8396 8389
3398 3507
8498 8790
2617 2596
8498 8785
3809 3718
4451 4408
1113 1089
7772 7823
4371 4328
8067 8236
763 724
2211 2232
8090 8035
4487 4408
9648 9538
197 193
4523 4490
7213 7259
8439 8389
2237 2316
9060 9215
9113 8952
6007 5875
1497 1554
24 19
2110 2071
8040 8128
5888 5875
6825 6714
4042 3946
4334 4272
440 448
9538 9668
5527 5396
2066 2043
3101 3218
1611 1655
9086 8952
164 130
2190 2205
3718 3765
5893 5875
3840 3860
6714 6913
7029 7083
7029 7097
1193 1254
2083 2050
1759 1707
2071 2104
6010 5875
4522 4635
4079 4021
9707 9538
6568 6497
9369 9393
3070 3140
96 90
9272 9090
6403 6413
971 961
1274 1276
6884 6714
9372 9276
8389 8501
4522 4644
3708 3670
4070 4097
4272 4318
4484 4408
2385 2506
4598 4715
3385 3417
1831 1862
861 792
6569 6674
8240 8359
6970 6903
8806 8498
8460 8389
6337 6351
769 724
7272 7376
241 231
9932 9840
9916 9840
6424 6403
2522 2385
6169 6314
3256 3323
3158 3232
2136 2164
1678 1747
4328 4431
9147 8952
3973 3879
5064 5183
2095 2119
1831 1888
8067 8221
1591 1625
9517 9453
759 775
342 363
7525 7414
5142 5231
3528 3592
9855 9538
6097 5955
2796 2754
528 504
9967 9840
4223 4284
4272 4341
2842 2857
8973 8931
9840 9942
1683 1629
3398 3470
6903 6935
8747 8873
398 368
1707 1777
695 715
9417 9369
5089 5013
7750 7688
764 810
5039 5013
7387 7272
2754 2787
6022 6136
7331 7437
8952 9121
2678 2628
1381 1401
4822 4748
7476 7331
322 337
2823 2783
5814 5782
5142 5249
3070 3124
3168 3070
3814 3718
1497 1548
1282 1274
7930 7847
6169 6273
8467 8555
4508 4490
6133 6235
3067 3000
6349 6337
8035 8063
8553 8467
581 568
5316 5248
9536 9453
4217 4092
4490 4587
9179 8971
6239 6133
7316 7213
6022 6128
8791 8498
9276 9354
5875 5973
6804 6714
3954 3879
5064 5099
880 851
1471 1505
2921 3013
2628 2702
3868 3840
3879 3928
5843 5782
5875 5928
7154 7029
5161 5064
4061 3946
9369 9395
4522 4669
4351 4272
4376 4328
7243 7065
6083 6182
695 717
4810 4744
531 504
8035 8084
6487 6403
4639 4522
6550 6497
7065 7204
9453 9535
5875 6028
5396 5506
2783 2822
6513 6497
4932 4996
3566 3658
7213 7273
3718 3797
522 565
7912 7847
2170 2136
5782 5836
2363 2329
9840 9965
9974 9840
9217 9060
1190 1131
8852 8747
8162 8040
4707 4598
5396 5557
5715 5648
6373 6337
3956 3879
5307 5366
514 504
4598 4490
8599 8467
1414 1498
4847 4748
9538 9739
5396 5403
3398 3527
8747 8943
1274 1320
6714 6820
3703 3566
4046 3946
8952 9042
2991 2921
7040 7003
9421 9369
3943 3879
5368 5389
8483 8389
7003 7044
4458 4408
3000 3069
568 579
2252 2211
6903 6942
303 279
5235 5290
6022 6150
1330 1274
3040 3000
3879 3950
1923 1985
4598 4742
7996 7847
542 522
2504 2556
1556 1497
7466 7331
3879 3967
8658 8498
3718 3791
1274 1356
1131 1157
4849 4748
646 624
1193 1255
1078 1026
41 24
4490 4512
6421 6403
504 527
8105 8040
994 961
4968 4932
7213 7289
4663 4522
7221 7065
9444 9369
6304 6169
4593 4490
39 57
6636 6569
5142 5200
9276 9362
7688 7759
9024 8952
7029 7090
39 20
6714 6795
5628 5597
8988 8931
1651 1611
5875 6006
2859 2933
5597 5668
4385 4328
6903 7012
7907 7847
1464 1414
3058 3000
8127 8303
537 504
4522 4629
1893 1831
1822 1784
2329 2343
9538 9672
9840 9963
9453 9515
2783 2843
4133 4092
3483 3398
368 389
2069 2043
3101 3225
7213 7281
8482 8389
586 568
7065 7239
2113 2095
1611 1634
1400 1381
5396 5416
6337 6374
2095 2130
5782 5812
6903 6954
9453 9543
7545 7716
6176 6083
786 764
1497 1549
2211 2231
5743 5764
7272 7369
2034 1943
3160 3070
4748 4830
219 207
5940 5875
7937 7847
4622 4522
3718 3798
1414 1493
2095 2150
4237 4092
522 540
6644 6569
4731 4598
5875 5962
1708 1637
5743 5757
3936 3879
4522 4674
2741 2652
3528 3556
467 498
4503 4490
2385 2463
2504 2570
2670 2628
5875 5938
1707 1776
3711 3670
3000 3063
2791 2754
2385 2520
4932 4999
7472 7331
4380 4328
1131 1174
8952 9085
900 946
2652 2721
4863 4901
9840 9906
7765 7704
7847 7920
4670 4751
9175 8971
2754 2778
5875 6018
1855 1831
4252 4092
636 605
5210 5142
3566 3641
8498 8705
474 440
7400 7272
1268 1193
7686 7545
171 181
7545 7414
6844 6714
792 824
292 318
1049 1026
4239 4092
759 773
4490 4509
9791 9538
3670 3719
2921 2953
3373 3319
7310 7213
8787 8498
4200 4092
6569 6649
9220 9060
4272 4323
6169 6285
2329 2359
5468 5578
7446 7331
8252 8067
4408 4478
3566 3528
727 698
1746 1678
5448 5396
5396 5473
1288 1274
5396 5539
9538 9716
6169 6256
4384 4328
3840 3864
231 247
8061 8035
445 440
9754 9538
1784 1827
1414 1449
6762 6677
6337 6363
2361 2329
4328 4377
7545 7695
3256 3327
4098 4070
2044 1943
8393 8389
2859 2926
6133 6202
1193 1234
9369 9396
7847 7894
9276 9321
5875 6017
3291 3234
9569 9538
4863 4907
1308 1274
3344 3256
2218 2190
4518 4490
7080 7029
7414 7547
6526 6497
7636 7545
9098 8952
3840 3881
698 721
9493 9453
4748 4844
2211 2247
4272 4343
6133 6194
9369 9428
7963 7847
9090 9268
1353 1274
987 961
5248 5319
5786 5743
832 792
5875 6051
5064 5157
406 368
9831 9538
6944 6903
6903 7004
9059 8952
8115 8040
4108 4070
4272 4337
9276 9373
3385 3444
4852 4748
7469 7331
9311 9178
6198 6133
5468 5595
77 83
2865 2842
3398 3486
5721 5648
3319 3390
5142 5224
8240 8349
1252 1193
2750 2717
1250 1193
3000 3086
2448 2385
7819 7734
4139 4092
6312 6169
7034 7003
1937 1891
8818 8747
4155 4092
4311 4272
7545 7739
1629 1689
7223 7065
5270 5235
1381 1399
4744 4790
7826 7772
3000 3084
7847 7969
408 419
6497 6544
1748 1678
5751 5648
6497 6562
5334 5307
7065 7244
1939 2025
9822 9538
4092 4212
7834 7772
9654 9538
4202 4092
6497 6601
4598 4749
5064 5108
3234 3298
6123 6022
3528 3620
1939 1988
5368 5400
9538 9833
913 862
2211 2190
5981 5875
1193 1209
6843 6714
2385 2466
8498 8775
7460 7331
1891 1966
5325 5374
7810 7734
5447 5396
1193 1230
5358 5307
910 862
3101 3185
2859 2935
4408 4463
4670 4522
5262 5235
862 914
9093 8952
7414 7566
3551 3528
9982 9840
7687 7545
7371 7272
4679 4522
9365 9276
8067 8212
7722 7545
4092 4178
1066 1026
2561 2595
1891 1948
5064 5093
7336 7213
5851 5782
4328 4406
3856 3840
5396 5573
129 125
8528 8467
8040 8172
5142 5225
9581 9538
5597 5646
8991 8952
8357 8240
6903 6928
1131 1181
3121 3070
6497 6602
7545 7610
309 292
1073 1026
3042 3000
8763 8498
5436 5396
9165 8971
9276 9345
8471 8389
2995 2921
7850 7772
1193 1224
2528 2385
7486 7331
3752 3718
9 6
6074 5955
9435 9369
5396 5435
9502 9453
698 734
368 404
8498 8734
3070 3101
1619 1591
6631 6569
1497 1564
1414 1451
7772 7835
2990 2921
9369 9466
1896 1831
2385 2434
9178 9318
8720 8498
1604 1584
489 467
6775 6677
3636 3566
7240 7065
9951 9840
8389 8433
8467 8529
1637 1695
4021 4077
1471 1501
6497 6596
2652 2729
6435 6403
2902 2859
4598 4734
5592 5468
9201 8971
9538 9634
6169 6326
7065 7224
1054 1026
3158 3246
1628 1591
7847 7971
8578 8467
2237 2311
488 467
9276 9336
1193 1266
5333 5307
8389 8500
2385 2499
5597 5683
822 792
5396 5461
7213 7282
3398 3460
1611 1664
6381 6337
5971 5875
8467 8645
9978 9840
1352 1274
3879 3935
591 600
161 130
2798 2754
322 348
8467 8605
7226 7065
4851 4748
6022 6147
2847 2842
5235 5278
9538 9737
7984 7847
1831 1887
1542 1497
5212 5142
1678 1744
2108 2071
5166 5064
9369 9387
6403 6433
7407 7272
2504 2587
2211 2235
90 101
4932 5026
171 191
5396 5489
8367 8240
7688 7755
8336 8240
8992 8952
7720 7545
8282 8127
4559 4490
5875 5921
6337 6350
1359 1386
8014 7847
171 183
8813 8747
8883 8747
7496 7594
8498 8782
2921 2979
2346 2329
7003 7063
342 370
4328 4410
9178 9305
2437 2385
8971 9173
9233 9060
2594 2561
108 90
8248 8067
5396 5502
166 130
8037 7847
7246 7213
7772 7846
7772 7858
3027 2953
1070 1026
9538 9720
2385 2554
1673 1611
1789 1784
764 785
4774 4744
7429 7331
5875 6027
5468 5579
4490 4546
4932 5020
1891 1936
2596 2612
2166 2136
7147 7029
9367 9276
2764 2717
6441 6403
9758 9538
9840 9886
7545 7741
8067 8258
6316 6169
7092 7029
9686 9538
4703 4598
809 764
1193 1260
1831 1913
9453 9470
1008 1025
4373 4328
6677 6710
7274 7213
4956 4932
9496 9453
345 322
3528 3554
3848 3892
1680 1629
9090 9278
2385 2526
9415 9369
9840 9538
9538 9624
1568 1590
6348 6337
2333 2329
8067 8214
9840 9872
6714 6893
6163 6083
4272 4326
2329 2369
8345 8240
4932 5015
9276 9330
4092 4124
7847 7940
605 621
2237 2292
8356 8240
851 891
4962 4932
8389 8419
9538 9632
5875 5979
8467 8523
2504 2568
3781 3718
8099 8040
3872 3840
8240 8376
6403 6493
4159 4092
1359 1384
8344 8240
1089 1118
7550 7414
5930 5875
9976 9840
7331 7488
5114 5064
8467 8593
5307 5347
2237 2328
5248 5302
4021 4067
1611 1659
2100 2071
5875 6012
6083 6164
4223 4276
7965 7847
8467 8548
3718 3783
3767 3718
6133 6220
8467 8637
724 762
5356 5307
7029 7089
3398 3516
8467 8563
6403 6468
5064 5147
7093 7029
8322 8240
5782 5844
9793 9538
1062 1026
5111 5064
2050 2090
8498 8717
3951 3879
2219 2211
8240 8314
2385 2389
6062 5875
8067 8181
9518 9453
1831 1905
4590 4490
7545 7724
2241 2211
8467 8546
9369 9404
1611 1663
7545 7644
1921 1891
5033 4932
956 900
4328 4407
9276 9375
3718 3815
2921 2993
9864 9840
4490 4544
2895 2859
1891 1960
3718 3842
3907 3848
1831 1914
7562 7414
749 698
7688 7754
8952 9058
908 862
4296 4223
9234 9060
4471 4408
7045 7003
9471 9453
954 900
7545 7617
5368 5387
299 279
8035 8085
6497 6572
2190 2156
9538 9844
1598 1584
7855 7772
1277 1274
2414 2385
847 792
4109 4070
864 792
622 605
6677 6714
5049 5013
2385 2459
4863 4900
4114 4092
4 2
547 522
4328 4382
9090 9242
4228 4092
3398 3472
1404 1441
3398 3473
716 695
9343 9276
3234 3284
7851 7772
2156 2184
4249 4092
4863 4881
8886 8747
2746 2702
2385 2513
8098 8040
1193 1257
1359 1383
5064 5160
7625 7545
3385 3416
9060 9228
5782 5794
6497 6520
7847 8004
2728 2652
9021 8952
1939 2015
6246 6133
6950 6903
3879 3955
4932 5025
7931 7847
5287 5235
8147 8040
830 792
4136 4092
6770 6677
3848 3898
6347 6337
4019 3946
6186 6133
9044 8952
8127 8278
9369 9448
4598 4716
4272 4356
568 575
4868 4930
4946 4928
3528 3607
4514 4490
9519 9453
1414 1487
6915 6714
8952 9096
6514 6497
6497 6575
9065 8952
6376 6337
6943 6903
5062 5013
4532 4490
1008 1035
2650 2628
2051 2043
4272 4313
4112 4070
2385 2507
4840 4748
4490 4500
7158 7029
3840 3859
2628 2676
8451 8389
1611 1636
6427 6403
8588 8467
3115 3070
3718 3753
8498 8751
5248 5314
1131 1135
9148 8952
9921 9840
3945 3879
4855 4748
3398 3546
1784 1792
7950 7847
50 39
5459 5396
4092 4214
4868 4922
3840 3857
7592 7496
2050 2084
8554 8467
5468 5586
4408 4450
3913 3879
6022 6122
941 900
3984 3946
8531 8467
2596 2605
5368 5392
1379 1359
4490 4583
4440 4408
1727 1637
5875 5999
9840 9924
1788 1707
2237 2318
6677 6722
6497 6528
4070 4102
7365 7272
1026 1075
4272 4359
7029 7142
1975 1891
1104 1063
5691 5597
6428 6403
504 538
9261 9090
10000 9840
4092 4189
2385 2524
2921 3017
9090 9285
1295 1274
5955 6113
7332 7213
5597 5645
4408 4443
6798 6714
4598 4711
1866 1831
6197 6133
28 20
7272 7362
9538 9773
2859 2886
1568 1583
8389 8240
8389 8486
4755 4670
3319 3256
1891 1934
8743 8498
3718 3754
4272 4305
2211 2263
346 322
9453 9487
7847 7876
1193 1229
7414 7551
2385 2423
2329 2237
3700 3566
4175 4092
7545 7669
4846 4748
5782 5829
3528 3623
1584 1601
9538 9846
1816 1784
7053 7003
5142 5215
9166 8971
6677 6750
3286 3234
3319 3351
1640 1611
504 535
8498 8793
3566 3660
1964 1891
7649 7545
5468 5589
6100 5955
5222 5142
7545 7681
8823 8747
1131 1189
6712 6677
9946 9840
8240 8307
8018 7847
3958 3879
1956 1891
5064 5172
6310 6169
5396 5559
7847 7936
5993 5875
7847 7972
3319 3360
3750 3718
4198 4092
7396 7272
8747 8901
1555 1497
8269 8127
9806 9538
2628 2638
4717 4598
1544 1497
7213 7326
8240 8366
251 284
292 306
979 1007
7545 7652
4408 4462
1611 1639
4490 4537
6229 6133
5396 5408
4320 4272
2271 2211
5013 5042
2542 2385
8747 8903
7612 7545
2842 2866
2969 2921
5396 5456
930 900
2385 2416
4598 4722
504 521
1131 1187
77 61
4863 4890
3385 3439
5647 5597
7150 7029
4328 4409
7847 7962
8741 8498
6569 6664
885 851
6426 6403
1193 1227
1611 1641
7688 7751
7608 7545
5307 5335
3946 4038
8498 8758
1274 1289
7913 7847
5024 4932
6841 6714
7029 7146
3528 3596
7601 7496
504 508
9538 9772
154 130
3380 3319
107 90
6320 6169
3398 3503
9211 9060
5948 5875
781 759
6022 6142
2819 2783
3194 3101
256 251
4854 4748
9178 9297
5944 5875
6083 6169
2229 2211
3419 3385
5524 5396
6337 6371
6714 6787
7003 6903
9145 8952
4932 4950
8971 9194
9558 9453
6485 6403
4092 4171
3404 3385
9999 9840
8498 8675
3796 3718
4739 4598
391 368
1156 1131
3843 3718
1584 1591
2753 2717
4516 4490
4490 4521
9005 8952
1728 1637
2624 2596
292 314
8498 8799
764 815
7895 7847
4678 4522
7926 7847
8971 9188
979 997
7847 7976
1005 979
2385 2420
825 792
5460 5396
2859 2894
8851 8747
2385 2451
6933 6903
985 961
8747 8866
8288 8127
4375 4328
9178 9315
1193 1248
6232 6133
6104 5955
1757 1678
1943 2040
3528 3557
2385 2401
792 764
7496 7595
9264 9090
7003 7065
9782 9538
1091 1063
1943 2036
5368 5386
6570 6497
3343 3256
6788 6714
9274 9090
4701 4598
8875 8747
20 19
2921 3001
7579 7496
2739 2652
5849 5782
106 90
2211 2270
5013 5085
2921 2988
7065 7216
497 467
6668 6569
1755 1678
7828 7772
7847 7881
7847 7880
4598 4727
4006 3946
4207 4092
1405 1381
4021 4065
4607 4490
7843 7772
9538 9671
4510 4490
6910 6714
698 737
1891 1932
792 829
7545 7643
8389 8414
1891 1927
5562 5396
9538 9652
168 130
7029 7134
4309 4272
8952 9069
5976 5875
7159 7029
4070 4106
2237 2309
5468 5588
6677 6718
8365 8240
8951 8852
7621 7545
3566 3669
9538 9647
8952 9090
6903 6998
594 573
9840 9961
7688 7748
4442 4408
4328 4400
4903 4863
3118 3070
3000 3081
4763 4670
5782 5873
1784 1812
9538 9642
8111 8040
6714 6892
4021 4073
2504 2575
1003 979
7331 7480
6166 6250
7348 7213
5468 5593
2190 2203
3698 3566
89 82
6217 6133
7921 7847
250 238
8040 8166
8240 8343
2717 2759
7029 7173
6569 6659
8243 8067
6227 6133
6583 6497
8389 8410
9555 9453
792 852
368 399
3398 3468
1784 1799
8995 8952
1453 1414
6677 6713
3363 3319
9598 9538
5846 5782
7358 7213
335 322
2329 2335
5725 5648
6133 6215
7065 7231
3718 3811
2156 2185
506 504
3718 3821
6714 6834
7545 7642
6903 6964
6903 6984
1611 1645
6133 6222
3619 3528
3637 3566
1456 1414
131 125
8584 8467
5064 5149
9538 9761
1530 1471
8921 8747
6337 6372
3528 3576
4522 4612
4306 4272
5198 5142
1022 1008
3718 3788
1026 1082
5602 5468
3858 3840
9369 9412
5142 5251
3718 3766
3485 3398
6810 6714
6794 6714
4068 4021
4522 4642
1518 1471
5491 5396
7135 7029
7738 7545
5325 5375
853 792
8273 8127
1891 1972
42 38
7415 7272
7443 7331
342 367
8824 8747
3946 3985
4547 4490
4522 4665
1704 1637
6497 6554
1431 1404
3321 3256
3319 3349
1611 1638
6022 6145
5468 5600
7847 7919
2842 2848
5368 5399
251 255
4833 4748
3411 3385
4752 4670
6883 6714
7545 7678
8952 9106
3070 3111
3566 3647
522 566
1336 1274
1870 1831
1274 1331
1684 1629
3628 3528
898 851
110 100
8747 8913
7989 7847
895 851
6677 6726
9453 9534
5248 5299
4572 4490
2095 2146
8552 8467
7599 7496
251 279
5288 5235
6184 6133
4272 4304
3972 3879
251 270
8377 8240
8240 8384
2829 2783
927 900
9453 9529
6714 6878
400 368
7992 7847
6569 6622
7734 7818
7032 7003
7890 7847
7847 7918
6169 6253
7029 7094
5699 5597
6714 6850
2875 2859
2717 2763
1069 1026
4490 4592
2652 2735
3670 3710
3718 3836
2904 2859
1831 1852
814 764
2043 2054
5013 5055
4070 4113
1795 1784
3744 3718
9538 9733
1490 1414
9538 9596
5990 5875
7734 7771
4328 4393
1678 1756
6709 6677
4490 4571
7598 7496
5875 5920
8040 8154
368 410
7398 7272
7338 7213
1568 1582
3718 3823
3528 3608
7565 7414
9538 9609
3448 3385
7496 7578
6877 6714
3228 3253
1497 1558
9538 9631
9594 9538
7331 7461
7213 7271
1193 1210
3319 3367
9840 9859
5782 5820
3385 3397
8952 9057
7545 7732
304 279
1750 1678
8240 8331
3879 3974
9538 9636
5533 5396
3228 3266
8747 8859
9670 9538
5396 5574
9538 9766
7868 7772
6986 6903
5910 5875
8747 8896
6133 6216
3346 3256
5223 5142
7496 7588
8931 8978
3191 3101
5396 5468
2016 1939
7065 7230
6691 6641
969 961
5248 5306
3970 3879
7298 7213
6121 6022
1611 1654
5597 5708
6569 6676
3310 3256
625 605
5191 5064
4339 4272
4032 3946
8524 8467
1818 1784
3718 3833
2277 2211
1471 1535
9312 9178
7545 7731
1274 1335
4598 4683
9155 8971
8467 8622
3718 3777
2056 2043
378 347
979 1010
5268 5235
2283 2211
1404 1423
1370 1359
8467 8618
9110 8952
4092 4021
7840 7772
9538 9641
3051 3000
1939 1992
216 207
8498 8656
6903 6936
4863 4911
2472 2385
4464 4408
8067 8200
9494 9453
9490 9453
9973 9840
8952 9104
4369 4328
4541 4490
6497 6521
5597 5636
6497 6536
2385 2413
7118 7029
1973 1891
8040 8096
9369 9452
6133 6245
7003 7028
9178 9319
2404 2385
4490 4566
2789 2754
3506 3398
6714 6823
285 251
362 342
8952 9001
9453 9475
659 624
9453 9504
7706 7545
9161 8971
1994 1939
1131 1169
2136 2162
8035 8093
4744 4813
2175 2156
1381 1397
4863 4904
9538 9763
3536 3398
3452 3385
9538 9734
7847 7891
961 989
4095 4021
193 203
661 681
1784 1808
1499 1471
4445 4408
7029 7180
4983 4932
4932 4992
5955 6093
8389 8484
8667 8498
6288 6169
6862 6714
2717 2652
9066 8952
960 967
5468 5598
3240 3158
7899 7847
4682 4598
7414 7564
1707 1762
475 440
9614 9538
3879 3941
6083 6161
4368 4328
5071 5013
1249 1193
8952 9088
9953 9840
3784 3718
4328 4416
6903 6981
3251 3228
2385 2485
3946 3879
9453 9505
4667 4522
5958 5875
620 605
6920 6714
408 416
4223 4277
1712 1637
7029 7177
5875 6032
5748 5648
3312 3256
7272 7412
4092 4209
5413 5396
6992 6903
2504 2560
1044 1026
9266 9090
1477 1414
9090 9247
1891 1962
3566 3705
580 568
9090 9282
7272 7414
2859 2884
2478 2385
9453 9521
7331 7428
1678 1749
8389 8496
2190 2216
7423 7331
5648 5713
792 866
1939 1995
5597 5679
9840 9941
8067 8205
6822 6714
7847 7878
5955 6102
8318 8240
6022 6139
5142 5230
6143 6022
4793 4744
559 522
8747 8872
2754 2814
2628 2686
6497 6573
171 177
3566 3674
3804 3718
1172 1131
9940 9840
1122 1089
9937 9840
9943 9840
5013 5070
490 467
1404 1446
3657 3566
4845 4748
206 193
322 336
8952 9095
6337 6408
4748 4857
8971 9183
7402 7272
573 593
5235 5284
6322 6169
4863 4896
7264 7213
3574 3528
8952 9046
9560 9538
6114 5955
3193 3101
6497 6535
9369 9391
7499 7331
7116 7029
7847 7966
4522 4620
9090 9252
9090 9283
4092 4216
214 225
4169 4092
7331 7505
4580 4490
5597 5659
3528 3624
6497 6617
7229 7065
1860 1831
1194 1151
2095 2120
9840 9901
3840 3882
7 10
4021 4075
199 193
2211 2251
4543 4490
2859 2914
999 979
3398 3500
8821 8747
7331 7492
2095 2140
2911 2859
7363 7272
9276 9355
6832 6714
4912 4863
1131 1143
5391 5368
4092 4118
4988 4932
7449 7331
2211 2240
8341 8240
1422 1404
2050 2077
6130 6022
8467 8535
2452 2385
2385 2387
1332 1274
8560 8467
5875 5889
7660 7545
3946 4043
6971 6903
8067 8191
3879 3916
6022 6134
7468 7331
4863 4879
5187 5064
961 970
9162 8971
1380 1359
4047 3946
735 698
3103 3070
6677 6729
2095 2149
724 760
8718 8498
364 342
3258 3228
9840 9981
6620 6497
2385 2421
429 408
4150 4092
8822 8747
4167 4092
5875 5964
5159 5064
7414 7527
5875 5955
7042 7003
1245 1193
4490 4408
875 792
2842 2849
1425 1404
1943 1891
5779 5743
6337 6397
9990 9840
5396 5480
4092 4259
2385 2551
5142 5250
3504 3398
6800 6714
1842 1784
4408 4461
2973 2921
7029 7179
1298 1274
8532 8467
171 189
7448 7331
2325 2237
6569 6666
4555 4490
7613 7545
3256 3331
6497 6563
5926 5875
8655 8498
3879 3952
8498 8716
8931 8982
9538 9695
502 489
5142 5247
8952 9014
8952 9030
9538 9679
5396 5434
64 61
8067 8204
6677 6743
2828 2783
7916 7847
979 1001
766 724
6870 6714
4932 5027
1939 2018
1294 1274
1891 1971
4932 4958
7647 7545
5519 5396
9970 9840
4641 4522
8870 8747
7107 7029
9538 9646
7213 7318
661 692
504 519
835 792
3070 3150
9276 9366
6455 6403
6714 6907
1390 1359
2265 2211
3528 3571
5073 5013
1274 1338
7025 7003
6258 6169
211 200
8722 8498
3313 3256
9800 9538
8046 8035
7982 7847
7414 7538
3566 3684
8695 8498
7768 7734
368 401
6083 6172
9453 9514
2672 2628
5013 5051
9060 9230
6802 6714
8747 8885
8487 8389
2652 2725
5875 6048
6133 6223
1026 1038
7496 7584
2043 2048
935 900
2000 1939
4328 4413
7157 7029
961 981
7955 7847
5035 4932
365 342
1784 1798
794 764
5396 5444
2264 2211
1584 1610
6903 6977
4750 4670
5850 5782
3359 3319
5440 5396
431 408
8051 8035
5686 5597
1763 1707
838 792
6497 6584
8092 8035
1301 1274
2577 2504
5337 5307
6772 6677
4491 4408
9601 9538
6951 6903
3561 3528
3000 3050
6268 6169
4554 4490
11 7
8325 8240
9400 9369
8971 8931
7689 7545
7650 7545
6036 5875
6903 6965
1595 1584
5396 5495
7331 7494
3601 3528
4744 4792
132 125
3277 3234
19 26
5468 5604
9731 9538
5597 5625
3398 3491
4718 4598
9377 9276
5010 4932
759 782
9384 9276
7998 7847
1026 1055
231 242
3566 3651
817 764
7166 7029
1528 1471
8389 8475
5396 5523
5875 6022
7003 7031
5469 5396
6569 6648
979 1013
8467 8566
5396 5420
7847 7943
7545 7707
8467 8544
4223 4279
8387 8240
8498 8779
807 764
6281 6169
7545 7726
5936 5875
3157 3070
7507 7331
5875 5980
8680 8498
792 855
1974 1891
8652 8498
9090 9263
1077 1026
2211 2276
8135 8040
7219 7065
3197 3101
2329 2373
7639 7545
5743 5758
414 408
2842 2863
6254 6169
9090 9288
5074 5013
9538 9592
4092 4166
8947 8852
4932 5017
6337 6358
5782 5880
5078 5013
2669 2628
5458 5396
7435 7331
7003 7059
1568 1588
5238 5142
9770 9538
624 668
3946 4049
5782 5855
8747 8834
7414 7556
3840 3883
3707 3723
6256 6330
9692 9538
5472 5396
9538 9665
7058 7003
3718 3822
5173 5064
5875 5961
3848 3899
3000 3047
5902 5875
4748 4828
9369 9437
9455 9369
9099 8952
6677 6739
9527 9453
2541 2385
9840 9980
5853 5782
1333 1274
5396 5402
1831 1882
503 489
7065 7214
4408 4441
6714 6921
8125 8040
2095 2141
9538 9619
5597 5670
1026 1056
9388 9369
3634 3566
3829 3718
9538 9857
3566 3656
4427 4328
9538 9792
9363 9276
7545 7680
110 114
4223 4282
376 347
2647 2628
8352 8240
301 279
1859 1831
698 742
2702 2745
8648 8498
4490 4573
8133 8040
5396 5467
9203 8971
3940 3879
8498 8745
5538 5396
4092 4223
6714 6866
5126 5064
6243 6133
226 214
9043 8952
2211 2237
8953 8931
9538 9768
4381 4328
9122 8952
9369 9446
7948 7847
2385 2493
695 706
7272 7385
3524 3398
573 590
7029 7131
5142 5194
8127 8270
8498 8700
149 130
3256 3330
6497 6561
504 516
7994 7847
4539 4490
2628 2673
8067 8183
6511 6497
8498 8691
8952 9089
5124 5064
8498 8662
6022 6137
3528 3575
4223 4283
931 900
6619 6497
2555 2504
8726 8498
8980 8931
3614 3528
926 900
6337 6370
8292 8127
6132 6022
616 591
2649 2628
3184 3101
5142 5236
4408 4485
8498 8651
9615 9538
5597 5620
5597 5695
1489 1414
1707 1772
6639 6569
8360 8240
893 851
8467 8600
4272 4302
3334 3256
2611 2596
9369 9433
5875 5909
1151 1198
3786 3718
7734 7813
698 746
1587 1568
695 703
4868 4923
9538 9852
7734 7782
5905 5875
7702 7545
826 792
2266 2211
3910 3848
3640 3566
1709 1637
4919 4863
4191 4092
5705 5597
3398 3505
2504 2571
8498 8670
2204 2190
5782 5804
7272 7391
4748 4869
5616 5597
6569 6652
8067 8268
6403 6486
2147 2095
8035 8081
1359 1366
8145 8040
5511 5396
93 82
2385 2488
1471 1507
4672 4522
2929 2859
5591 5468
2760 2717
9764 9538
4965 4932
4355 4272
8389 8468
130 170
4885 4863
2201 2190
1193 1225
4671 4522
7086 7029
595 573
1569 1497
1924 1891
1414 1463
7911 7847
9795 9538
6903 6932
251 274
6781 6714
4868 4748
6686 6641
6716 6677
2840 2783
2859 2932
633 605
9541 9453
347 379
8127 8294
6740 6677
5174 5064
9538 9824
8467 8640
3319 3353
7397 7272
1596 1584
6327 6169
1637 1710
9968 9840
7847 8006
9538 9730
3742 3718
986 961
8595 8467
7859 7772
45 38
7203 7065
5828 5782
8911 8747
3566 3631
2329 2385
3000 3032
6210 6133
6259 6169
4429 4328
1831 1912
7008 6903
5396 5454
3736 3707
9762 9538
9453 9520
6450 6403
873 792
4092 4234
9887 9840
1047 1026
9538 9725
3070 3133
7003 7030
4598 4744
4522 4680
5782 5869
8467 8614
6432 6403
624 656
4460 4408
7847 7945
6497 6605
9389 9369
951 900
4602 4490
7213 7357
6393 6337
9328 9276
1151 1200
7545 7714
1939 2010
7272 7401
6133 6219
888 851
504 534
4863 4889
397 368
2237 2323
3000 3082
792 857
4744 4796
9538 9673
1707 1786
4272 4321
123 115
4928 4942
812 764
2628 2700
5522 5396
5401 5396
8498 8665
9840 9984
5396 5453
3114 3070
2365 2329
6497 6533
1863 1831
5138 5064
5875 5953
1678 1743
2921 2945
4636 4522
1063 1087
4998 4932
9927 9840
7278 7213
1251 1193
7050 7003
5875 5951
8952 9082
6308 6169
6494 6403
5388 5368
2183 2156
9344 9276
3591 3528
2842 2853
4868 4927
2092 2050
2859 2934
3696 3566
5235 5281
3333 3256
3946 3981
1474 1414
4767 4670
4272 4310
415 408
9369 9422
5782 5883
9538 9563
6677 6702
8746 8498
7331 7459
8747 8878
2314 2237
1665 1611
7414 7515
2210 2190
4328 4402
9840 9870
8429 8389
5927 5875
7847 8020
6420 6403
3528 3613
504 511
679 661
3566 3695
1497 1562
3879 3920
4577 4490
9276 9353
1715 1637
9296 9178
8882 8747
4863 4910
5755 5648
8040 8155
5875 5965
3475 3398
8935 8747
4142 4092
8240 8383
587 568
8747 8811
288 279
8467 8642
2117 2095
7213 7065
8101 8040
6212 6133
9780 9538
7993 7847
5597 5692
8035 8066
2652 2718
6337 6407
7545 7725
2385 2417
3101 3201
6166 6249
2859 2931
5142 5205
3484 3398
8467 8557
8498 8757
4294 4223
8747 8876
2267 2211
140 175
8467 8607
1637 1691
2385 2531
9205 8971
7414 7554
3803 3718
2351 2329
9538 9587
2213 2190
2859 2871
8467 8617
5235 5282
591 605
4490 4553
4023 3946
5875 5918
1337 1274
1576 1567
3553 3528
9696 9538
2628 2710
8952 9127
292 317
3337 3256
5597 5687
9838 9538
6425 6403
9306 9178
5875 5945
8067 8226
5144 5064
9745 9538
8747 8807
7213 7251
6840 6714
2593 2561
9538 9628
5013 4932
3946 4035
4091 4021
3923 3879
8304 8240
8963 8931
5118 5064
9453 9492
5261 5235
7320 7213
2561 2597
1097 1063
4316 4272
4898 4863
9891 9840
2754 2813
7847 7909
2715 2628
3421 3385
9303 9178
7847 7903
8646 8498
3946 4003
3398 3458
4062 3946
669 624
8473 8389
5307 5357
3398 3525
7847 8043
2859 2878
5045 5013
1831 1904
4328 4391
331 322
5529 5396
549 522
960 964
4843 4748
9995 9840
231 243
7193 7065
6497 6543
3790 3718
8952 9138
8196 8067
6133 6234
1359 1395
3345 3256
7875 7847
1132 1131
2136 2159
5875 5933
1584 1602
3879 3931
3170 3070
3707 3720
2754 2768
2921 2948
7153 7029
2043 2052
9538 9666
179 171
1196 1151
6169 6325
5258 5235
2558 2504
7847 7983
5396 5569
2754 2783
963 960
8906 8747
641 624
4932 4989
8804 8498
5900 5875
8121 8040
5064 5133
6213 6133
8498 8677
8300 8127
1414 1488
5307 5364
6133 6209
7065 7242
5341 5307
9453 9556
3980 3946
5018 4932
7847 7999
145 130
5875 5899
5396 5405
417 408
2286 2211
4417 4328
1784 1833
1221 1193
2136 2154
9453 9546
7542 7414
5841 5782
6166 6248
7772 7824
8644 8467
9276 9360
7185 7065
1193 1205
5368 5382
171 190
5235 5285
368 390
9955 9840
1923 1980
1151 1203
1201 1151
6497 6557
1642 1611
5875 6002
2816 2754
3528 3549
4868 4932
4411 4328
8389 8428
1471 1504
2385 2397
6946 6903
394 368
467 493
1675 1611
4540 4490
8055 8035
7545 7727
5064 5123
7145 7029
7796 7734
9538 9832
1923 1983
1131 1139
7545 7606
6610 6497
6643 6569
604 591
605 617
5064 5128
4272 4332
171 194
7272 7390
7123 7029
3528 3598
1131 1176
7322 7213
1935 1891
6388 6337
9840 9957
2628 2657
5122 5064
470 440
1241 1193
582 568
467 491
8285 8127
6111 5955
8467 8533
4408 4444
1529 1471
9281 9090
4370 4328
7029 7098
9276 9337
6141 6022
2562 2504
1274 1285
4328 4419
8971 9169
2043 2060
7797 7734
9538 9658
1889 1831
5211 5142
1065 1026
7953 7847
3996 3946
9840 9952
5479 5396
4670 4753
1471 1503
2859 2906
8747 8912
4770 4744
6714 6853
3000 3031
1923 1978
2508 2385
7902 7847
207 217
5878 5782
3659 3566
7213 7313
5597 5672
8931 8976
2625 2596
8160 8040
4098 4273
4408 4475
3548 3528
3732 3707
3398 3478
8747 8835
4162 4092
5301 5248
522 561
4932 4952
1584 1614
2029 1939
9176 8971
8127 8283
4744 4803
863 792
9840 9917
9097 8952
1742 1678
3228 3263
4863 4906
2921 2954
3879 3933
6497 6590
3844 3718
9538 9564
1026 1068
6895 6714
764 820
2003 1939
9071 8952
3348 3319
5955 6094
712 695
6337 6353
6237 6133
3670 3712
1916 1831
5253 5235
8047 8035
7545 7677
3775 3718
4568 4490
8498 8702
3287 3234
6903 6973
9538 9743
7847 7979
6437 6403
142 130
808 764
5177 5064
6497 6519
8049 8035
440 443
6677 6737
5782 5882
3024 2953
3499 3398
7675 7545
2095 2134
5845 5782
2754 2786
8756 8498
2949 2921
7311 7213
3834 3718
1359 1385
8498 8663
31 20
661 685
2011 1939
7331 7213
4928 4949
504 524
3699 3566
5029 4932
4902 4863
8467 8564
1404 1437
7847 7871
4928 4936
8747 8830
5396 5450
4146 4092
6682 6641
6846 6714
1907 1831
8324 8240
7065 7201
8053 8035
122 115
9538 9566
4078 4021
5875 5917
7065 7233
7690 7545
5875 6011
1637 1721
6169 6260
8660 8498
322 344
677 661
5468 5584
3642 3566
9538 9774
3441 3385
322 352
4797 4744
2754 2806
4928 4937
7297 7213
4816 4744
8444 8389
5960 5875
5982 5875
8389 8445
7682 7545
5597 5633
7178 7029
253 238
1274 1303
5558 5396
8971 9190
6885 6714
2783 2821
1868 1831
1603 1584
3304 3256
4100 4070
3230 3101
5013 5075
5064 5152
792 841
7389 7272
6677 6757
9538 9849
3946 4002
2569 2504
4151 4092
342 372
1435 1404
8067 8255
6300 6169
5835 5782
5066 5013
8971 9178
4520 4490
1851 1831
1831 1867
2628 2705
8498 8657
1568 1589
7424 7331
8467 8621
5360 5307
6410 6337
440 457
7772 7831
4490 4522
1831 1873
4170 4092
9622 9538
3070 3165
5648 5726
6016 5875
961 991
3718 3816
5648 5712
9459 9369
522 551
3212 3101
2261 2211
2156 2182
9819 9538
6677 6748
182 171
9538 9589
251 238
1669 1611
6369 6337
7847 8016
2921 2961
5171 5064
4744 4772
4468 4408
1929 1891
5745 5648
6470 6403
2385 2467
9008 8952
2385 2462
9538 9752
7631 7545
8467 8389
5504 5396
3257 3228
5875 6020
1831 1915
3 6
9971 9840
9538 9775
4775 4744
1837 1784
5561 5396
8306 8240
5837 5782
4027 3946
1175 1131
6586 6497
8416 8389
1931 1891
7132 7029
4037 3946
8971 9186
5307 5363
5597 5629
1891 1940
4378 4328
440 449
5619 5597
52 39
3398 3459
3718 3800
9606 9538
5875 6054
7043 7003
8881 8747
5597 5642
347 373
6171 6083
7688 7756
3718 3802
536 504
2329 2338
37 20
4789 4744
7029 7087
5769 5743
1460 1414
522 563
811 764
1342 1274
4601 4490
9307 9178
4240 4092
2385 2470
2095 2142
8040 8104
4744 4780
1584 1613
4092 4211
5013 5083
8498 8710
8747 8861
3840 3862
8654 8498
5977 5875
3037 3000
1359 1369
7420 7272
4490 4556
9011 8952
4021 4064
1618 1584
3127 3070
3000 3049
2921 3007
2869 2842
3481 3398
440 447
380 347
7029 7111
2254 2211
5894 5875
3718 3774
342 355
8498 8740
3718 3755
1183 1131
8747 8871
4887 4863
1637 1720
2021 1939
3840 3885
1053 1026
7276 7213
8067 8240
8067 8206
8931 8958
2312 2237
9123 8952
1026 1074
9276 9381
4744 4794
3653 3566
6021 5875
4598 4700
8852 8945
2975 2921
347 381
8971 9193
6902 6714
7847 7938
2491 2385
1950 1891
9503 9453
7213 7292
9786 9538
2504 2565
1734 1678
7445 7331
8952 9117
7065 7225
8040 8118
80 77
5661 5597
5955 6117
61 74
5142 5233
2136 2152
9740 9538
2131 2095
7029 7112
8952 9027
6403 6483
5638 5597
5396 5530
426 408
9090 9244
1700 1637
7312 7213
8467 8583
624 671
6752 6677
9016 8952
8240 8374
4926 4868
8742 8498
5876 5782
8240 8348
342 360
5396 5516
4424 4328
4947 4928
2259 2211
4941 4928
3319 3350
6497 6581
1939 1999
7331 7478
6813 6714
7734 7769
1388 1359
8795 8498
4863 4878
8138 8040
1891 1976
2628 2642
1193 1259
5875 5919
4048 3946
1274 1361
7010 6903
6106 5955
6919 6714
1274 1357
1429 1404
8035 8068
3054 3000
3464 3398
3425 3385
3874 3840
8498 8676
1891 1959
5743 5781
3000 3052
7545 7634
3849 3718
6727 6677
1509 1471
3528 3594
5875 5947
3398 3462
8643 8467
8067 8245
7574 7496
7734 7791
48 39
7545 7640
9149 8952
9070 8952
8760 8498
4839 4748
3110 3070
4092 4126
755 724
58 50
1922 1891
5396 5451
858 792
1813 1784
7356 7213
5429 5396
4932 4964
8095 8035
3566 3650
892 851
9453 9557
1737 1678
6569 6640
5955 6115
5875 5969
5232 5142
3019 2953
9090 9256
5064 5117
3219 3101
9060 9229
4092 4119
128 125
2628 2692
4670 4758
4866 4748
5528 5396
1846 1784
2050 2093
6337 6378
4241 4092
6480 6403
2329 2348
5248 5305
624 645
3718 3782
2211 2250
3300 3234
19 25
2690 2628
764 789
7060 7003
1021 1008
1891 1954
3610 3528
6768 6677
1943 2030
5457 5396
8040 8149
5061 5013
6133 6224
3830 3718
8308 8240
7337 7213
4931 4868
4522 4652
5396 5560
6158 6083
7003 7029
3101 3182
8035 8078
7978 7847
4092 4157
2827 2783
8389 8413
9602 9538
4534 4490
5248 5313
3228 3261
7382 7272
9453 9552
3319 3379
5207 5142
9635 9538
1443 1404
3718 3780
6903 6980
1222 1193
3563 3528
193 198
6473 6403
3000 3056
444 440
889 851
6735 6677
7772 7848
3946 4059
7272 7386
5597 5618
9398 9369
2742 2652
5396 5540
1497 1559
2374 2329
7847 7947
3528 3589
1698 1637
5468 5603
2953 3025
7213 7247
2962 2921
6497 6585
5142 5218
1740 1678
7496 7576
4598 4740
5875 6070
9840 9894
8109 8040
2398 2385
5955 6089
6677 6753
70 61
7220 7065
6548 6497
8817 8747
3848 3900
9840 9858
7331 7467
7003 7027
8044 7847
756 724
5768 5743
7272 7418
5875 5988
605 634
50 59
4398 4328
5875 6056
7545 7638
2220 2211
1815 1784
9840 9948
1629 1682
8389 8489
3528 3547
6677 6711
7003 7038
5013 5044
4020 3946
9178 9302
6623 6569
2291 2211
5626 5597
6266 6169
7076 7029
3064 3000
777 759
1274 1310
2596 2606
3825 3718
2156 2176
3385 3437
1891 1920
553 522
5396 5464
585 568
8467 8574
3588 3528
2237 2298
4092 4127
7545 7703
9276 9378
1943 2037
2129 2095
9657 9538
4315 4272
8067 8193
4092 4144
6759 6677
4092 4215
7575 7496
6903 7015
3946 4055
3319 3374
8467 8615
8389 8401
7129 7029
7577 7496
6403 6452
974 961
2136 2151
7213 7339
8747 8888
8369 8240
4522 4648
937 900
6569 6663
7847 7882
4104 4070
8837 8747
3528 3599
8459 8389
7645 7545
4408 4489
2590 2561
1274 1300
1467 1414
7395 7272
3792 3718
2385 2430
9453 9549
5438 5396
7331 7434
1121 1089
9276 9351
3347 3319
5449 5396
9538 9567
1831 1906
4971 4932
171 187
20 34
9213 9060
1137 1131
4536 4490
573 522
4490 4561
6714 6826
147 130
8297 8127
4497 4490
8952 9124
9438 9369
4172 4092
7099 7029
4439 4408
8952 9132
1637 1726
3000 3038
6925 6714
5056 5013
2897 2859
8067 8218
8002 7847
3435 3385
5743 5770
9291 9090
3963 3879
3316 3256
6073 5955
7863 7772
1784 1832
1027 1008
3101 3224
8990 8952
8868 8747
7003 7039
6714 6889
8971 9170
4741 4598
5396 5428
900 944
5897 5875
4664 4522
8411 8389
8467 8549
3739 3718
5648 5744
7169 7029
5689 5597
3259 3228
290 279
209 200
9084 8952
2628 2654
2770 2754
4092 4201
3385 3406
2648 2628
8927 8747
7029 7074
2921 2987
200 212
9090 9289
7257 7213
4522 4659
6403 6429
8467 8579
6337 6357
2731 2652
7558 7414
1565 1497
440 431
4598 4748
3398 3517
8558 8467
3070 3166
5552 5396
1784 1825
1359 1378
8220 8067
1667 1611
6307 6169
5662 5597
3302 3256
1551 1497
3385 3395
7272 7411
2511 2385
4308 4272
3725 3707
1615 1584
4194 4092
2628 2716
124 115
9966 9840
257 251
7545 7737
2564 2504
6714 6792
7272 7410
6403 6490
1128 1089
8232 8067
1274 1358
7127 7029
7013 6903
4744 4815
2028 1939
2212 2190
9866 9840
5610 5468
39 49
6508 6497
9538 9811
8561 8467
6569 6660
7307 7213
2190 2194
5597 5663
6067 5875
1784 1791
6714 6918
3381 3319
9685 9538
2992 2921
7837 7772
933 900
1478 1414
4747 4598
3101 3202
8504 8389
704 695
6403 6479
5064 5146
3149 3070
6662 6569
6362 6337
2773 2754
3688 3566
801 764
1302 1274
7545 7666
661 695
8956 8931
38 46
1274 1318
8127 8290
4329 4272
2095 2125
1771 1707
2812 2754
5396 5492
8389 8405
897 851
4623 4522
4092 4247
6962 6903
9553 9453
4092 4121
4744 4811
2756 2717
7029 7148
3848 3894
3385 3445
2385 2504
8067 8222
8067 8202
7331 7441
2921 2976
2329 2336
1193 1236
8967 8931
661 691
8952 9073
4272 4333
2885 2859
440 462
1552 1497
5396 5547
2596 2609
4986 4932
7847 8024
2842 2858
2106 2071
8467 8571
1274 1293
6677 6756
8123 8040
2545 2385
4932 5004
347 386
9751 9538
1238 1193
2602 2561
266 251
90 97
7427 7331
3649 3566
7029 7139
4932 5023
6004 5875
8985 8931
7705 7545
5587 5468
3718 3751
2385 2503
2181 2156
9538 9709
4420 4328
8040 8144
8589 8467
3211 3101
2859 2874
8211 8067
5368 5385
5084 5013
1471 1515
5987 5875
709 695
2504 2584
6499 6403
7213 7287
5956 5875
9879 9840
3801 3718
7688 7746
1459 1414
7964 7847
9538 9826
8240 8310
2921 2957
9369 9458
4328 4428
6677 6728
1131 1162
2627 2596
4538 4490
3385 3455
9605 9538
5983 5875
654 624
1539 1497
8727 8498
489 504
8217 8067
9453 9489
4299 4272
1237 1193
6683 6641
9834 9538
7170 7029
6714 6811
5735 5648
5396 5410
4863 4892
8328 8240
6693 6641
4598 4710
9159 8971
2601 2561
922 900
2324 2237
9538 9805
4748 4862
5468 5585
7847 7892
82 90
1616 1584
5263 5235
7331 7495
2156 2178
9453 9537
7029 7182
8581 8467
1521 1471
9056 8952
3243 3158
8685 8498
7238 7065
5417 5396
2645 2628
7847 7968
9893 9840
7029 7095
5754 5648
583 568
6169 6276
8488 8389
7007 6903
1359 1368
1365 1359
3848 3912
7065 7211
1193 1269
4098 4266
7794 7734
5396 5571
1858 1831
9276 9364
695 720
3187 3101
5064 5116
292 312
4156 4092
3664 3566
218 207
761 724
9092 8952
3879 3929
4319 4272
5545 5396
5013 5076
9840 9923
8498 8684
8391 8389
7213 7248
8747 8942
1274 1315
7029 7143
9538 9830
1497 1545
1434 1404
9346 9276
2766 2717
4757 4670
1235 1193
9538 9742
3332 3256
3059 3000
7847 7957
5406 5396
8498 8688
2631 2596
1571 1497
7436 7331
4092 4232
6714 6801
2497 2385
993 961
599 573
2385 2519
3528 3550
5307 5350
4527 4490
7189 7065
9453 9539
7954 7847
2237 2320
2224 2211
350 322
8040 8140
1947 1891
11 16
1557 1497
8467 8610
8397 8389
2505 2385
4600 4490
3148 3070
3252 3228
6403 6337
3498 3398
3559 3528
1707 1780
4098 4270
3840 3880
8389 8480
9189 8971
202 193
2022 1939
9453 9485
5105 5064
4272 4324
77 81
1313 1274
2967 2921
9538 9746
8831 8747
6677 6776
8067 8244
5112 5064
6645 6569
5168 5064
8498 8771
5913 5875
1371 1359
900 928
9178 9310
7836 7772
5396 5484
3840 3878
3245 3158
2385 2454
5664 5597
2681 2628
1414 1465
324 292
6133 6191
591 613
3172 3070
7555 7414
5396 5499
2744 2652
9329 9276
6472 6403
8067 8194
7847 7896
5404 5396
7331 7483
2211 2242
6714 6882
3000 3068
2355 2329
9538 9701
9526 9453
2227 2211
7827 7772
7081 7029
4598 4730
9453 9524
2012 1939
5955 6105
3151 3070
3398 3457
9603 9538
2717 2754
5158 5064
4809 4744
292 319
9840 9934
6641 6688
942 900
2455 2385
4658 4522
61 54
1648 1611
7545 7742
9251 9090
2095 2148
3840 3871
8143 8040
3713 3670
1014 1008
4165 4092
1541 1497
1560 1497
3385 3410
3946 4015
4598 4737
5080 5013
6497 6564
3216 3101
3515 3398
8952 9051
7847 7956
6903 7009
8728 8498
8240 8379
6777 6677
4932 4982
2245 2211
7003 7049
3528 3617
72 61
8713 8498
6677 6760
8952 9047
5013 5077
3234 3271
3728 3707
1099 1063
5296 5248
311 292
6903 6982
7072 7029
6295 6169
6569 6626
4250 4092
8931 8975
9516 9453
7545 7696
4748 4827
2754 2805
8069 8035
823 792
5710 5597
8450 8389
4092 4243
1117 1089
6990 6903
765 724
7213 7267
3635 3566
79 77
8389 8511
8389 8427
188 171
1623 1591
6569 6651
9359 9276
9010 8952
3398 3501
442 440
2703 2628
3162 3070
2921 2999
2771 2754
7331 7484
1274 1326
9538 9627
3477 3398
1592 1584
5228 5142
4748 4829
4272 4300
2754 2799
4490 4589
2155 2136
2223 2211
6604 6497
5805 5782
2546 2385
6196 6133
1769 1707
7772 7833
7873 7847
5875 6000
6497 6545
7557 7414
2412 2385
9986 9840
1838 1784
6552 6497
4021 4094
5064 5145
8234 8067
1414 1497
3494 3398
7367 7272
9090 9292
7545 7604
4186 4092
569 522
7106 7029
4057 3946
6453 6403
695 710
6001 5875
3584 3528
3566 3704
9643 9538
9018 8952
4676 4522
2784 2754
6341 6256
5875 5939
8513 8467
5911 5875
5605 5468
2050 2085
7516 7414
3447 3385
185 171
408 424
9840 9977
6559 6497
5064 5125
5970 5875
7545 7728
3566 3701
3384 3319
8707 8498
7593 7496
624 673
5667 5597
3578 3528
3566 3646
9369 9439
6337 6368
5743 5760
7635 7545
5351 5307
1637 1711
2842 2783
3718 3819
7545 7733
186 171
9586 9538
4423 4328
4932 4994
8747 8884
4328 4404
5782 5872
7346 7213
3840 3850
4307 4272
1471 1517
6083 6181
7659 7545
92 82
6265 6169
1274 1327
8514 8467
2237 2310
7847 7922
783 764
8157 8040
109 112
8370 8240
388 368
624 650
6714 6817
9538 9749
8289 8127
7545 7698
2754 2802
2623 2596
5765 5743
2921 2980
2197 2190
3714 3670
9060 9222
1433 1404
6022 6125
2628 2698
6337 6352
3315 3256
8747 8858
3000 3041
8467 8537
9405 9369
2693 2628
1381 1403
6 8
4286 4223
7331 7464
5396 5568
9840 9869
2652 2727
76 61
1253 1193
5597 5685
292 315
4748 4831
2788 2754
3838 3718
9538 9708
9259 9090
1471 1525
9713 9538
7772 7822
7951 7847
8389 8441
3879 3939
9275 9090
9840 9985
7734 7814
4991 4932
6022 6144
5064 5110
9840 9969
3319 3383
435 431
8240 8362
7235 7065
2050 2076
9453 9551
6497 6538
9276 9357
4328 4379
9453 9473
698 730
2385 2446
4748 4870
1127 1089
384 347
1943 2032
3430 3385
9915 9840
7847 8036
1497 1561
233 214
3292 3234
3511 3398
8067 8197
6445 6403
5082 5013
4744 4769
5005 4932
7545 7632
3566 3677
3178 3101
7331 7425
3210 3101
1961 1891
4550 4490
7414 7534
7378 7272
833 792
7688 7760
6852 6714
208 193
5518 5396
5875 5974
3385 3424
3537 3398
5736 5648
4099 4070
2492 2385
3580 3528
1831 1903
4748 4856
4863 4915
4432 4328
9453 9500
7452 7331
6849 6714
3241 3158
3840 3861
9939 9840
1394 1359
3461 3398
3946 3998
5396 5554
973 961
8201 8067
5521 5396
7191 7065
9724 9538
5773 5743
3285 3234
8403 8389
8498 8754
9279 9090
3566 3689
2436 2385
1381 1359
436 431
5798 5782
3541 3398
1584 1611
9460 9369
7055 7003
3385 3446
7029 7103
4935 4928
6785 6714
8739 8498
5396 5501
6221 6133
9538 9617
4223 4289
9195 8971
2 3
5248 5298
7710 7545
2596 2621
472 440
5858 5782
8430 8389
8389 8498
2921 2956
4264 4098
8163 8040
2253 2211
3080 3000
3879 3934
3385 3420
7213 7254
2628 2663
2237 2296
1707 1760
7544 7414
9075 8952
3355 3319
1142 1131
9029 8952
6403 6440
573 588
4638 4522
522 504
1928 1891
3000 3079
6974 6903
3946 4040
2952 2921
3385 3428
5597 5675
4933 4868
1939 2006
4807 4744
7801 7734
5875 6063
5011 4932
7761 7695
1591 1626
2050 2094
7481 7331
9678 9538
7545 7729
8952 9017
6337 6412
7772 7866
1524 1471
9003 8952
5368 5394
2515 2385
8040 8127
5967 5875
3495 3398
6403 6444
8889 8747
1364 1359
7213 7327
6497 6565
4895 4863
1008 1031
2899 2859
2385 2391
2679 2628
5788 5743
2246 2211
8747 8919
7105 7029
5396 5570
9427 9369
7847 7958
1008 1015
9276 9376
5743 5785
7213 7250
5013 5068
1831 1883
130 165
3228 3101
1147 1131
5597 5707
2192 2156
3946 3987
4932 4957
6641 6569
1902 1831
8753 8498
4328 4397
759 774
7847 8039
6257 6169
9369 9441
6677 6708
8747 8809
1688 1629
2785 2754
9550 9453
2628 2711
7113 7029
4272 4301
9723 9538
3528 3558
9538 9813
4804 4744
4072 4021
4408 4455
2385 2473
6044 5875
1393 1359
5648 5714
8518 8467
327 292
8749 8498
2537 2385
5599 5468
9461 9369
851 882
1274 1279
5597 5680
6593 6497
292 307
4744 4776
698 741
359 342
7331 7482
6960 6903
939 900
1652 1611
5782 5839
8971 9158
99 90
961 978
9802 9538
7545 7648
5064 5180
6337 6399
3167 3070
3385 3426
5733 5648
3234 3283
2717 2767
3101 3189
3070 3156
728 698
5142 5237
1497 1566
3431 3385
3824 3718
7457 7331
2758 2717
3247 3158
3946 3988
4598 4706
9979 9840
2237 2302
5727 5648
6488 6403
2697 2628
8498 8789
1131 1138
7029 7151
3163 3070
4268 4098
8649 8498
9538 9711
9144 8952
9538 9750
3759 3718
6497 6403
6169 6321
2177 2156
3000 3071
1831 1910
3566 3639
2237 2322
7272 7381
3566 3666
4092 4231
9168 8971
5235 5276
6059 5875
6205 6133
1871 1831
5674 5597
2651 2628
7503 7331
8035 8054
6677 6719
8040 8165
3685 3566
4598 4721
9486 9453
130 155
7854 7772
3000 3091
5597 5676
1899 1831
929 900
292 329
6515 6497
6637 6569
7213 7321
7272 7399
4691 4598
6670 6569
8747 8848
8253 8067
5235 5283
4092 4117
8173 8040
1026 1059
8056 8035
601 591
4092 4222
7704 7766
4490 4558
3398 3543
9538 9726
1939 2005
1083 1026
8931 8957
6680 6569
4480 4408
6714 6909
6384 6337
2385 2427
442 482
7847 8032
3060 3000
4298 4223
2258 2211
8948 8852
1805 1784
1404 1381
4184 4092
2943 2921
4490 4565
968 960
8467 8576
6133 6211
5782 5887
6871 6714
3228 3265
862 909
5100 5064
232 214
523 504
7213 7258
9257 9090
8067 8188
9538 9807
19 14
9687 9538
2385 2489
6403 6457
8952 9105
4522 4662
9538 9801
61 66
9538 9453
611 591
2095 2127
2783 2832
8077 8035
5702 5597
2043 2049
9538 9702
4181 4092
4272 4338
5248 5320
5955 6076
3077 3000
5955 6072
5097 5064
6551 6497
7914 7847
6497 6582
8521 8467
7016 6903
8950 8852
6523 6497
643 624
4729 4598
7545 7718
4653 4522
1629 1686
1891 1939
1404 1432
2883 2859
6714 6860
6677 6764
1414 1452
7029 7110
5142 5221
907 862
792 870
906 862
5782 5819
2063 2043
9840 9975
5065 5013
310 292
3415 3385
2754 2779
518 504
5723 5648
3528 3581
9369 9420
2706 2628
9840 9938
6169 6303
1414 1485
3697 3566
3000 3097
207 193
238 249
6169 6255
9457 9369
8389 8449
6497 6539
8492 8389
635 605
1831 1869
8347 8240
4472 4408
2438 2385
7017 6903
4254 4092
1784 1819
7405 7272
9651 9538
9255 9090
2211 2256
1984 1923
6083 6178
1131 1159
900 949
9840 9944
2586 2504
8744 8498
2041 1943
5396 5415
6628 6569
4522 4640
3072 3000
9591 9538
7802 7734
745 698
2313 2237
9006 8952
4697 4598
1348 1274
292 328
6613 6497
9167 8971
792 856
3443 3385
5875 5996
6149 6022
9240 9090
1076 1026
236 214
9513 9453
5426 5396
7213 7342
1290 1274
2561 2592
1092 1129
871 792
2329 2345
9157 8971
4116 4092
9060 9219
7734 7803
1611 1660
5013 5043
5875 6023
5064 5121
1193 1267
6677 6741
5013 5058
1026 1048
6083 6168
6597 6497
2876 2859
4506 4490
658 674
4490 4499
5256 5235
6864 6714
8240 8388
1202 1151
7213 7340
2859 2872
2385 2553
6714 6881
5030 4932
1376 1359
7265 7213
5782 5830
3208 3101
6592 6497
8682 8498
3922 3879
5064 5104
8389 8497
1414 1454
9655 9538
9722 9538
2211 2221
4867 4748
5397 5368
4524 4490
3879 3953
8899 8747
1738 1678
4130 4092
2783 2838
6169 6283
5806 5782
4863 4875
8998 8952
6169 6271
5137 5064
125 137
3718 3772
2504 2572
2043 1943
2385 2540
8389 8510
9538 9691
7269 7213
2974 2921
3234 3280
2440 2385
7414 7531
4863 4914
2385 2481
5289 5235
1420 1404
6509 6497
9796 9538
6124 6022
7373 7272
623 605
6714 6806
6771 6677
5064 5134
6261 6169
5743 5767
6833 6714
19 23
7688 7758
9810 9538
3566 3702
222 214
2903 2859
1216 1193
9369 9434
4328 4414
467 501
1637 1699
4626 4522
7477 7331
9509 9453
4403 4328
3756 3718
9650 9538
9276 9347
8952 9131
8040 8174
2921 2955
1897 1831
1274 1305
3070 3141
3106 3070
110 119
3915 3879
1939 2007
7518 7414
7331 7500
9945 9840
9178 9301
7206 7065
9637 9538
5013 5091
7572 7496
5782 5857
6396 6337
5718 5648
3840 3851
2180 2156
302 279
3000 3094
8687 8498
2859 2881
6630 6569
9180 8971
9638 9538
9090 9241
8467 8559
130 143
9090 9294
5875 5943
8240 8363
4327 4272
9840 9922
3235 3158
3132 3070
7471 7331
3427 3385
4598 4719
8971 9154
6887 6714
6264 6169
8467 8619
2095 2137
2842 2845
624 648
1943 2033
1114 1089
2783 2820
4966 4932
900 962
171 178
6126 6022
7545 7614
4353 4272
2748 2717
4349 4272
6903 6979
9369 9451
8467 8520
368 412
8112 8040
5648 5739
8971 9174
666 624
7545 7735
9499 9453
5396 5543
2095 2144
2385 2550
7245 7213
1678 1753
6003 5875
7315 7213
368 393
1193 1151
6478 6403
1404 1424
4567 4490
9840 9868
7545 7603
9468 9369
6022 6148
20 32
7545 7664
9533 9453
9287 9090
9538 9611
342 357
4501 4490
7847 7970
2422 2385
440 451
5825 5782
3234 3290
2599 2561
356 342
8609 8467
1875 1831
2385 2500
5743 5777
7847 8001
522 544
6677 6569
6192 6133
9369 9397
4863 4916
4272 4328
7126 7029
6467 6403
7268 7213
6672 6569
8467 8562
5396 5466
1725 1637
7847 7929
3248 3158
4951 4932
7847 7917
5517 5396
6019 5875
6714 6839
4575 4490
125 130
2628 2688
7029 7068
8931 8981
8502 8389
6641 6690
8067 8235
862 905
322 347
915 862
103 90
322 292
6497 6546
8498 8721
6633 6569
6077 5955
3946 4009
8035 8059
5875 5986
9618 9538
1856 1831
7688 7749
7734 7774
7961 7847
322 343
3946 4033
3066 3000
5142 5248
4932 4995
8467 8611
9538 9812
3385 3396
9463 9369
6679 6569
7414 7524
5235 5293
9090 9265
2859 2898
431 439
851 878
6677 6755
4861 4748
1273 1193
5396 5463
9703 9538
8148 8040
4176 4092
2190 2217
952 900
9989 9840
9908 9840
440 471
5396 5500
1414 1482
3528 3555
8127 8295
2628 2684
8498 8673
265 251
900 919
7935 7847
6337 6366
9538 9817
2385 2418
1193 1239
8931 8961
322 354
7730 7545
7186 7065
467 487
6492 6403
2043 2067
3101 3198
4021 4085
7065 7188
8406 8389
2095 2128
2327 2237
4525 4490
3526 3398
1306 1274
4092 4255
5597 5694
5782 5863
9532 9453
3522 3398
6356 6337
5022 4932
3582 3528
6199 6133
427 408
440 464
522 546
1471 1502
5875 5978
8847 8747
8364 8240
8380 8240
6034 5875
4092 4242
6078 5955
4394 4328
1650 1611
1735 1678
5597 5701
8498 8776
7067 7003
8067 8209
4598 4705
8498 8766
9548 9453
7905 7847
263 251
800 764
2862 2842
2921 2968
9595 9538
3879 3961
8693 8498
2859 2882
8952 9026
6542 6497
5997 5875
54 39
4291 4223
6696 6641
4841 4748
2783 2831
7847 8011
1891 1946
4227 4092
2156 2173
2921 2996
9884 9840
7816 7734
2043 2059
2842 2855
1497 1570
1026 1071
5743 5766
6714 6897
2664 2628
6497 6587
7218 7065
7003 7033
6503 6403
849 792
6999 6903
9212 9060
862 911
5955 6080
607 591
292 320
3879 3930
7704 7767
6985 6903
1637 1703
1199 1151
2859 2891
5142 5209
9361 9276
9827 9538
9840 9992
8952 9055
5782 5871
1063 1109
3075 3000
4863 4874
1606 1584
5955 6092
764 818
5955 6119
3093 3000
6403 6466
1095 1063
7331 7458
1629 1591
8952 9067
3661 3566
6377 6337
8767 8498
1724 1637
5669 5597
6131 6022
2289 2211
813 764
610 591
6751 6677
2585 2504
6022 6154
1495 1414
4598 4720
4754 4670
3238 3158
2211 2287
2501 2385
7029 7100
368 342
7523 7414
9453 9507
9129 8952
1419 1404
9840 9904
9694 9538
1584 1594
326 292
7237 7065
3718 3738
3566 3654
2795 2754
8939 8747
8498 8798
4408 4466
4932 4973
1274 1340
3270 3234
3534 3398
3488 3398
1631 1591
6530 6497
9223 9060
5235 5142
5242 5142
8747 8857
4744 4783
6714 6923
2329 2362
6169 6280
5396 5462
5576 5396
900 932
5782 5797
2139 2095
9501 9453
7029 7084
7838 7772
5782 5834
3566 3687
589 573
1831 1917
7029 7122
1274 1304
2859 2930
6569 6678
5942 5875
6403 6461
2811 2754
8040 8169
4092 4248
3101 3200
4092 4143
3735 3707
8067 8257
665 624
2405 2385
3813 3718
2921 3005
8067 8035
430 408
3362 3319
7799 7734
6193 6133
476 440
54 60
6903 6940
8117 8040
322 332
1694 1637
2433 2385
1810 1784
5013 5050
1412 1404
5875 5952
5193 5064
8136 8040
9406 9369
6627 6569
2486 2385
9931 9840
2859 2921
7213 7301
2527 2385
8467 8636
3229 3101
2385 2403
342 369
2207 2190
4723 4598
1088 1063
6738 6677
5984 5875
568 522
4021 4096
4274 4223
3902 3848
2050 2072
3729 3707
3938 3879
9025 8952
8426 8389
8747 8855
5929 5875
1991 1939
9538 9576
1696 1637
2043 2057
9334 9276
5597 5641
6403 6436
5203 5142
1008 1028
117 110
9023 8952
7252 7213
1131 1154
4522 4675
1585 1568
7790 7734
8678 8498
7568 7414
7590 7496
2385 2456
5064 5013
4272 4347
4328 4383
4447 4408
4092 4246
7852 7772
8909 8747
3879 3932
2950 2921
2783 2835
2190 2209
7734 7773
2628 2653
8227 8067
6891 6714
5994 5875
4229 4092
2977 2921
1057 1026
3398 3463
2329 2376
726 698
4412 4328
2043 2050
1629 1676
640 624
8467 8572
9125 8952
1131 1167
2596 2613
2867 2842
2628 2687
4297 4223
8240 8311
6714 6845
5142 5196
9840 9895
6133 6214
6714 6836
1831 1884
5235 5279
9352 9276
7331 7485
6714 6868
4932 5014
6022 6140
7020 6903
4060 3946
1120 1089
4670 4760
8035 8076
6959 6903
4928 4940
3831 3718
8952 9083
8952 9153
2921 2944
408 368
7561 7414
7699 7545
8683 8498
8394 8389
9538 9837
5563 5396
7256 7213
5142 5206
4522 4677
1637 1706
2854 2842
2132 2095
1414 1475
7795 7734
9840 9899
8952 9091
6497 6603
660 624
8747 8836
440 467
3234 3297
7847 8042
2561 2596
2329 2356
2107 2071
5890 5875
2861 2842
550 522
705 695
5013 5048
8747 8808
1831 1911
4744 4777
7213 7283
113 109
5368 5379
9249 9090
9562 9538
3179 3101
7548 7414
2873 2859
9472 9453
8027 7847
7144 7029
5307 5354
605 631
3879 3964
1784 1843
7496 7600
8015 7847
5064 5101
4280 4223
2754 2803
5142 5219
2732 2652
3718 3828
7213 7290
6391 6337
1891 1952
3434 3385
3319 3356
3840 3855
3532 3398
9840 9933
522 564
9090 9267
9276 9340
3278 3234
2477 2385
520 504
1211 1193
499 467
851 792
9178 9298
4953 4932
392 368
408 432
4609 4490
5064 5176
9629 9538
2211 2225
3256 3320
6677 6749
6256 6333
84 77
1193 1258
9453 9542
614 591
8690 8498
9369 9385
6449 6403
4655 4522
4924 4868
1898 1831
6854 6714
8616 8467
7585 7496
3177 3101
214 235
7065 7228
3946 4044
6714 6808
1307 1274
4220 4092
1864 1831
862 900
1830 1784
976 961
6815 6714
5204 5142
900 938
1063 1092
5248 5307
8575 8467
7772 7856
9276 9356
624 662
661 694
7747 7688
1026 1008
6903 6953
1324 1274
7329 7213
6714 6901
1943 2031
819 764
2425 2385
461 440
3000 3092
8467 8597
8316 8240
6742 6677
3101 3188
4997 4932
8709 8498
9538 9644
6133 6204
4748 4835
3256 3307
8240 8335
3385 3454
2921 2970
7501 7331
7029 7085
2244 2211
7847 7874
9888 9840
8467 8570
6497 6577
3398 3513
5875 6005
2730 2652
3398 3519
8565 8467
5368 5384
3070 3137
1131 1168
6022 6153
5673 5597
7925 7847
6714 6876
5396 5556
2111 2095
4932 5031
9771 9538
2714 2628
9308 9178
6035 5875
3006 2921
4932 4969
7137 7029
3718 3799
6641 6687
9276 9358
1637 1693
8900 8747
7029 7070
1637 1718
7109 7029
8467 8569
8498 8788
862 904
4932 4967
3969 3879
8389 8436
5802 5782
7701 7545
7213 7300
2717 2749
8971 9207
8631 8467
1492 1414
2163 2136
3398 3514
5294 5235
9191 8971
4696 4598
1892 1831
2514 2385
7403 7272
9860 9840
2860 2842
2596 2634
5648 5740
2211 2234
1766 1707
2260 2211
4092 4226
4522 4657
2431 2385
1891 1919
7279 7213
7671 7545
1925 1891
8067 8242
8035 8048
6447 6403
5782 5840
231 214
7560 7414
1707 1764
6707 6677
4092 4152
2576 2504
8035 8070
6714 6814
3101 3199
9033 8952
7847 7898
759 771
322 351
4364 4328
2801 2754
3101 3213
2989 2921
2237 2332
2101 2071
2071 2050
3968 3879
8238 8067
8368 8240
5396 5419
5307 5332
1923 1986
7952 7847
5013 5059
6336 6256
5859 5782
4945 4928
7545 7633
9538 9821
5396 5577
6774 6677
7847 7995
6403 6438
8389 8448
5875 6033
3879 3924
9076 8952
9538 9787
3101 3195
9432 9369
9276 9320
4071 4021
9479 9453
3510 3398
3718 3845
5307 5365
7065 7202
3673 3566
792 837
4490 4604
1939 2019
3399 3385
568 576
2211 2288
8389 8412
5955 6118
9738 9538
1161 1131
8164 8040
14 17
4153 4092
2699 2628
1841 1784
1439 1404
3205 3101
3319 3364
7496 7573
9538 9712
1543 1497
7673 7545
8467 8596
7847 7883
7692 7545
39 47
6903 7019
8931 8747
77 78
7272 7406
6169 6296
5307 5336
5396 5409
6914 6714
3101 3223
1831 1918
7374 7272
4748 4859
2596 2636
7772 7853
4598 4684
2392 2385
8371 8240
3946 3983
874 792
8800 8498
5483 5396
7545 7627
2583 2504
5782 5833
8747 8845
2329 2337
9349 9276
9840 9878
1678 1741
3101 3207
8838 8747
4317 4272
9304 9178
9094 8952
4748 4818
8067 8185
4219 4092
347 377
8127 8275
1125 1089
1782 1707
5741 5648
8035 8087
9276 9369
9130 8952
698 729
2859 2901
1312 1274
8198 8067
3340 3256
5064 5095
9538 9843
7781 7734
8747 8860
1468 1414
8815 8747
7213 7344
5497 5396
9760 9538
5743 5772
1707 1768
7334 7213
3256 3303
972 961
8542 8467
724 767
6403 6489
3256 3325
1600 1584
5704 5597
2921 3012
8467 8634
5086 5013
214 228
5597 5635
9172 8971
9682 9538
624 642
1131 1160
7807 7734
1637 1717
934 900
9369 9392
5036 5013
3403 3385
5446 5396
8389 8494
7496 7597
6714 6911
1942 1891
3718 3737
6677 6736
8389 8461
7545 7630
6127 6022
5782 5848
4134 4092
4408 4483
5648 5734
7552 7414
4820 4748
3371 3319
110 120
3946 4026
9248 9090
8729 8498
2561 2598
1943 2045
2095 2116
130 144
4092 4164
7734 7776
3528 3573
1414 1450
1026 1064
2717 2765
5396 5432
9798 9538
6859 6714
884 851
8498 8750
5087 5013
3398 3544
2808 2754
9538 9748
851 877
5867 5782
483 442
5875 6014
1274 1339
1374 1359
1736 1678
4744 4800
5396 5455
4748 4824
606 591
3794 3718
4868 4928
8040 8122
1193 1240
2793 2754
6165 6083
6677 6704
7670 7545
1089 1126
2833 2783
440 480
7003 7054
4632 4522
3566 3678
5959 5875
2628 2637
140 130
900 958
1270 1193
4328 4408
4564 4490
9370 9276
591 603
4185 4092
8040 8139
9854 9538
6903 6952
9538 9747
7073 7029
8778 8498
1471 1533
4598 4704
661 690
29 20
9779 9538
2385 2386
9538 9697
5362 5307
1751 1678
6497 6524
4533 4490
1853 1831
5142 5246
5396 5564
8747 8869
102 90
9538 9625
4408 4473
4748 4837
6903 6967
4408 4456
6169 6290
1637 1702
8840 8747
3879 3914
618 605
6463 6403
9776 9538
661 684
6256 6345
5955 6081
2963 2921
9538 9684
5875 5916
2301 2237
3908 3848
2591 2561
6043 5875
6133 6233
3618 3528
8127 8296
5875 5891
4092 4196
7331 7502
9453 9554
2237 2295
2379 2329
3134 3070
5782 5877
3070 3100
8067 8231
159 130
9538 9783
1637 1719
4490 4513
9840 9997
1678 1733
8814 8747
9538 9693
6030 5875
3566 3652
1754 1678
6502 6403
1444 1404
9322 9276
6714 6816
3840 3852
7901 7847
3070 3171
522 562
6087 5955
3946 4034
6120 5955
8606 8467
6242 6133
7006 6903
2118 2095
279 294
1131 1134
9431 9369
245 231
9040 8952
110 115
9840 9907
5597 5665
6403 6442
3272 3234
9930 9840
2607 2596
5955 6109
9710 9538
8971 9200
9182 8971
740 698
8467 8551
1274 1316
8931 8960
2652 2628
5875 5995
9181 8971
5634 5597
234 214
1155 1131
4960 4932
6497 6576
2484 2385
7734 7811
5955 6090
6256 6331
3707 3731
6256 6334
6779 6714
7637 7545
5013 5041
279 305
3022 2953
8802 8498
4744 4799
4335 4272
5782 5881
3947 3879
5818 5782
5396 5532
7272 7421
8443 8389
2561 2600
4331 4272
2237 2307
4272 4345
4092 4253
2859 2889
4328 4399
6714 6857
9060 9226
5142 5199
3000 3061
6532 6497
4955 4932
2851 2842
6987 6903
3946 4056
3120 3070
8898 8747
605 626
4030 3946
8240 8323
3083 3000
3256 3228
7521 7414
3946 3989
5396 5485
6390 6337
567 522
9419 9369
1644 1611
9840 9903
6459 6403
5648 5746
9262 9090
6569 6665
2190 2193
1471 1531
7184 7029
8127 8287
6714 6793
7065 7227
7847 7908
8856 8747
7414 7530
6403 6484
8934 8747
1926 1891
5092 5064
6022 6151
5875 5992
6496 6403
6291 6169
7207 7065
3293 3234
6677 6717
2153 2136
2628 2668
4328 4422
1256 1193
9840 9959
9840 9983
6714 6812
9060 9221
4469 4408
2504 2563
6504 6403
9538 9856
67 61
2582 2504
5013 5072
440 465
5142 5227
62 54
8035 8094
5342 5307
3378 3319
2754 2794
3234 3279
8952 9054
6677 6723
9090 9238
6714 6783
8915 8747
6903 6937
8389 8503
6057 5875
8389 8438
3692 3566
764 788
7196 7065
6714 6922
1611 1661
7805 7734
7847 7885
5407 5396
851 879
3891 3840
1880 1831
8952 9152
3231 3101
5875 6061
4598 4699
9060 9236
485 467
9683 9538
7745 7688
4490 4545
1131 1144
1996 1939
8467 8630
4932 4993
4522 4611
5875 5975
8747 8864
3319 3354
4932 5034
4744 4785
4598 4698
2921 2947
11 15
6015 5875
2372 2329
2394 2385
4363 4328
251 286
8983 8931
467 496
4932 5001
8223 8067
1063 1108
1274 1291
7475 7331
5549 5396
3716 3670
61 69
1633 1611
4959 4932
8040 8132
8276 8127
9538 9790
1473 1414
5185 5064
7545 7656
1034 1008
2850 2842
9538 9577
4122 4092
698 725
6360 6337
2156 2188
6099 5955
5609 5468
1178 1131
8127 8272
1584 1607
7949 7847
3070 3125
5307 5355
7861 7772
6497 6616
7285 7213
9699 9538
8852 8946
3319 3366
4098 4262
9276 9338
3087 3000
5063 5013
5875 5966
8033 7847
6734 6677
1624 1591
8952 9135
193 171
3840 3887
4213 4092
4008 3946
5875 5931
2754 2815
9727 9538
9049 8952
6714 6858
6996 6903
5490 5396
8035 8079
2172 2136
1131 1145
5130 5064
8747 8905
4522 4673
2053 2043
7331 7465
125 138
6969 6903
9453 9469
661 687
2674 2628
73 61
7162 7029
7847 8017
3070 3000
7029 7101
3846 3718
1923 1979
3795 3718
8389 8437
4092 4235
2755 2717
4021 4066
5243 5142
7496 7596
2859 2908
7679 7545
2043 2068
7847 7904
1593 1584
2211 2280
545 522
900 918
9559 9453
4408 4448
7029 7174
5307 5331
8650 8498
6231 6133
4070 4105
1514 1471
1512 1471
1707 1767
4018 3946
698 723
9276 9339
7784 7734
8467 8626
6714 6851
6714 6927
9467 9369
3760 3718
4092 4258
3432 3385
322 341
8477 8389
9090 9253
8931 8984
9610 9538
1784 1804
5142 5234
2001 1939
3566 3645
5782 5813
8747 8820
872 792
764 803
316 292
2095 2133
9453 9369
2646 2628
3400 3385
4454 4408
6714 6916
4465 4408
7065 7241
5827 5782
2385 2439
7205 7065
6574 6497
1469 1414
3000 3048
3078 3000
3254 3228
7325 7213
1404 1416
4137 4092
4092 4236
5597 5703
6995 6903
6079 5955
3976 3879
77 82
3847 3718
1274 1297
6133 6189
3161 3070
4787 4744
7546 7414
7213 7323
9538 9848
6169 6324
5651 5597
5265 5235
9583 9538
8952 9020
6083 6173
2754 2804
2050 2088
4744 4805
9538 9604
495 467
7213 7341
4328 4405
7167 7029
4238 4092
2385 2402
20 40
9538 9756
2776 2754
8267 8067
4522 4661
4070 4110
4932 4976
1414 1483
3946 3997
5738 5648
6047 5875
8180 8067
160 130
6135 6022
121 115
5396 5553
9453 9480
3644 3566
4925 4868
4092 4197
7496 7580
8240 8382
3173 3070
5923 5875
6133 6200
2953 3021
851 896
2112 2095
3616 3528
8498 8794
3107 3070
5907 5875
6112 5955
9079 8952
961 984
2921 2951
7175 7029
3966 3879
6169 6297
6629 6569
5761 5743
3879 3957
5648 5719
652 624
2740 2652
8747 8841
238 214
4768 4670
2233 2211
2383 2329
6941 6903
8385 8240
7414 7526
5064 5135
8389 8505
7695 7762
4932 5021
5782 5852
9178 9309
1844 1784
3398 3465
9881 9840
8467 8517
6763 6677
137 172
5875 5935
698 751
624 653
2211 2273
1180 1131
8952 9035
1849 1784
5396 5503
322 338
7414 7537
5307 5359
7331 7479
8971 9204
8298 8127
7772 7821
251 262
9442 9369
5565 5396
6185 6133
8134 8040
8240 8353
4981 4932
792 859
4868 4921
554 522
1354 1274
4932 5000
100 90
3065 3000
2937 2921
8827 8747
3909 3848
9538 9784
6569 6658
3391 3385
9538 9835
1136 1131
2211 2243
5782 5874
5038 5013
9369 9436
5311 5248
8189 8067
695 702
292 330
9326 9276
8498 8732
3979 3946
4092 4251
8490 8389
6052 5875
8747 8897
8747 8938
3566 3690
3274 3234
4621 4522
8279 8127
5376 5368
9674 9538
6101 5955
8067 8216
4092 4173
1274 1286
1084 1026
6681 6569
3879 3919
5272 5235
8040 8137
251 275
2329 2339
7496 7583
7065 7198
8971 9202
8733 8498
504 533
3848 3893
2395 2385
4092 4145
6337 6404
6419 6403
5248 5315
9732 9538
7624 7545
696 661
4467 4408
619 605
6170 6083
695 708
3521 3398
9538 9706
8389 8407
322 349
5064 5102
9369 9449
3946 4011
1584 1568
7847 7928
7003 7052
8577 8467
3273 3234
9276 9380
3602 3528
6898 6714
3643 3566
8035 8080
3718 3743
961 977
8828 8747
8264 8067
2126 2095
3667 3566
5743 5783
947 900
7065 7195
2385 2447
293 279
5396 5507
6714 6835
9276 9379
2628 2683
2917 2859
7029 7115
9840 9861
9013 8952
2385 2549
8233 8067
7331 7490
1414 1470
6903 7000
6714 6880
9323 9276
4357 4272
1939 2020
3670 3709
1573 1567
8952 9041
9369 9426
2579 2504
4199 4092
504 515
5368 5325
2936 2921
1375 1359
9841 9538
5286 5235
8467 8638
3946 4058
7623 7545
5396 5544
796 764
3244 3158
9600 9538
3889 3840
4101 4070
9276 9383
4476 4408
9584 9538
5235 5292
7545 7607
492 467
2916 2859
8952 9112
5248 5309
4223 4295
1000 979
7772 7734
9369 9450
7474 7331
8731 8498
5895 5875
3840 3879
3785 3718
6169 6305
9114 8952
9413 9369
6692 6641
2628 2712
6497 6567
1497 1550
6747 6677
368 403
5541 5396
8462 8389
7272 7388
609 591
2844 2783
3000 3057
1171 1131
9538 9688
5190 5064
792 845
7870 7772
1381 1408
7545 7693
6107 5955
2921 2971
9028 8952
3621 3528
4688 4598
1151 1192
2574 2504
6714 6829
959 900
6569 6497
8971 9197
1943 2038
5398 5368
695 714
5235 5269
1784 1707
695 713
738 698
2783 2841
7528 7414
7535 7414
6058 5875
6903 7002
7847 8026
7272 7213
8904 8747
4328 4426
8819 8747
664 624
2105 2071
3070 3099
7331 7456
6256 6340
9476 9453
8498 8681
3319 3370
1668 1611
883 851
6560 6497
9840 9889
6335 6256
5396 5412
5235 5295
2297 2237
450 440
7734 7545
2921 2942
6497 6541
7029 7121
4928 4934
7847 7980
3655 3566
3101 3220
3991 3946
9947 9840
7959 7847
7743 7545
5915 5875
1243 1193
3840 3873
5955 6110
105 90
2474 2385
5526 5396
8261 8067
4650 4522
8040 8110
3762 3718
1707 1787
979 1004
3585 3528
5782 5822
3023 2953
4531 4490
2870 2842
1409 1381
6225 6133
8161 8040
7545 7744
5307 5330
3946 4012
2329 2380
1784 1836
2754 2807
682 661
556 522
9544 9453
4436 4408
1193 1232
950 900
5648 5742
7003 7036
6714 6803
6169 6317
8738 8498
5064 5113
7331 7493
4272 4303
9522 9453
6924 6714
3905 3848
3946 4004
1359 1389
5934 5875
5129 5064
8952 9109
1414 1461
3308 3256
3566 3663
6497 6537
7414 7553
8119 8040
7545 7713
5597 5684
6744 6677
51 39
6167 6083
4735 4598
4490 4569
3718 3746
8867 8747
9453 9488
9369 9464
2196 2190
2707 2628
6065 5875
4093 4021
3098 3000
4853 4748
1414 1484
6169 6301
7213 7263
3718 3758
5955 6098
9276 9090
2385 2512
308 292
9440 9369
7029 7138
8040 8130
1131 1151
5339 5307
8979 8931
7414 7517
5369 5325
7213 7270
2921 2959
8832 8747
5069 5013
7809 7734
5597 5657
7065 7217
8930 8747
1274 1351
9090 9295
3215 3101
764 805
790 764
6569 6635
3409 3385
3566 3665
7545 7611
9453 9545
1319 1274
2800 2754
676 697
7414 7569
1414 1462
1063 1102
3946 4024
724 768
5 3
7096 7029
8291 8127
8067 8251
4584 4490
5782 5862
440 473
3385 3319
510 504
6256 6343
408 418
9639 9538
5254 5235
5998 5875
9840 9880
5006 4932
7213 7355
6497 6529
8389 8417
7704 7545
8580 8467
4605 4490
9369 9390
3398 3509
5898 5875
1629 1690
8863 8747
8067 8230
4421 4328
2329 2340
6403 6475
7172 7029
722 698
8240 8354
7438 7331
2367 2329
3946 3990
7939 7847
7545 7663
6342 6256
9369 9462
1891 1967
5782 5808
6497 6607
6195 6133
2382 2329
7213 7317
4578 4490
7847 8013
6600 6497
110 116
5660 5597
1274 1296
6769 6677
3234 3289
7721 7545
7820 7772
347 374
3542 3398
3879 3975
2385 2415
2671 2628
1891 1957
1939 1997
2329 2354
6903 6958
688 661
8527 8467
504 512
4932 4970
6497 6556
8853 8747
2385 2543
509 504
3000 2921
8952 9103
5648 5737
2809 2754
1111 1089
8182 8067
5955 6085
8632 8467
8747 8854
2842 2859
9918 9840
9998 9840
1448 1414
7029 7130
2921 3002
8952 9120
5782 5884
8389 8507
9757 9538
1784 1801
5597 5709
9052 8952
860 792
902 862
8265 8067
3352 3319
3948 3879
8914 8747
3070 3123
1578 1567
3848 3911
3070 3102
3385 3412
2329 2364
5037 5013
3528 3570
5395 5368
792 850
572 522
8931 8987
2329 2352
5875 6045
8240 8330
2921 2997
1193 1217
900 923
4863 4920
2859 2909
440 459
9575 9538
9877 9840
2317 2237
7003 7037
2652 2719
9538 9579
5722 5648
4748 4872
4713 4598
214 230
8240 8321
5861 5782
4888 4863
2628 2708
4748 4819
1050 1026
5307 5367
5248 5312
2783 2837
7847 7941
3879 3949
5743 5774
3267 3234
2652 2722
2504 2567
4005 3946
5612 5597
5248 5326
591 612
4092 4225
8467 8592
8712 8498
1891 1958
5597 5632
3820 3718
3361 3319
7065 7208
4598 4728
4656 4522
3158 3234
6491 6403
6270 6169
5064 5192
4598 4689
2158 2136
900 955
5803 5782
8679 8498
4522 4647
6598 6497
5875 6031
4598 4708
4330 4272
8190 8067
8952 9128
1096 1063
5064 5150
1790 1784
5903 5875
4724 4598
5791 5782
4312 4272
1471 1526
8389 8415
6071 5955
3528 3587
8498 8653
4490 4606
9276 9332
8547 8467
4374 4328
5307 5349
4891 4863
698 743
7991 7847
4490 4551
6208 6133
1220 1193
2910 2859
7360 7213
2432 2385
9920 9840
8481 8389
2211 2281
5064 5186
408 433
3255 3228
8986 8931
4021 4070
8129 8040
8931 8970
27 20
1381 1410
948 900
9538 9705
2561 2588
125 136
9840 9993
2754 2797
9840 9876
1089 1115
3662 3566
5648 5724
456 440
9369 9423
6625 6569
9414 9369
5307 5340
862 903
5132 5064
125 135
7272 7377
3572 3528
1445 1404
2733 2652
8628 8467
130 150
3070 3146
4328 4372
4522 4681
1153 1131
8225 8067
20 38
5396 5509
7981 7847
6706 6677
8184 8067
9728 9538
4908 4863
4876 4863
2938 2921
4346 4272
5614 5597
1784 1811
1574 1567
4725 4598
3070 3128
1739 1678
2157 2136
7933 7847
7293 7213
4784 4744
7946 7847
8498 8689
4045 3946
3000 3043
7869 7772
4263 4098
6083 6174
4131 4092
8067 8262
2893 2859
5782 5792
5782 5800
5782 5809
5731 5648
9160 8971
6403 6414
7847 7988
2385 2388
7990 7847
4817 4748
5875 5932
2717 2761
8715 8498
8952 9081
8228 8067
6263 6169
4435 4408
8703 8498
1244 1193
5865 5782
7272 7366
1323 1274
5280 5235
6497 6594
4928 4943
5181 5064
1417 1404
9898 9840
3256 3341
1141 1131
851 894
7349 7213
3718 3805
5067 5013
8846 8747
1177 1131
1404 1415
3528 3560
7124 7029
6714 6790
3269 3234
4089 4021
434 427
6088 5955
4490 4574
2070 2043
8954 8931
8240 8340
9060 9227
8127 8280
1831 1886
3528 3622
7304 7213
2156 2179
5013 5040
2385 2411
7416 7272
5106 5064
2940 2921
8538 8467
591 615
7119 7029
700 695
5782 5811
9863 9840
7294 7213
9333 9276
5597 5649
3000 3033
3840 3890
8844 8747
3070 3143
3694 3566
4092 4129
7161 7029
5396 5411
1442 1404
3039 3000
3456 3385
9840 9892
1609 1584
5214 5142
7213 7277
2925 2859
7582 7496
4021 4087
7512 7414
8434 8389
6029 5875
9840 9929
4408 4492
8067 8207
1193 1214
8952 9060
5776 5743
9139 8952
8240 8361
1908 1831
3835 3718
9484 9453
109 100
6497 6518
3385 3451
4515 4490
7359 7213
573 596
1820 1784
5743 5771
8952 9074
7629 7545
1367 1359
2095 2143
7350 7213
5854 5782
4223 4293
4863 4918
1707 1785
3672 3566
8177 8067
5875 6009
5892 5875
13 8
3707 3726
6069 5875
2214 2190
5235 5275
8389 8390
133 125
8334 8240
4482 4408
2384 2329
5142 5220
2136 2168
1611 1666
4909 4863
7496 7581
411 368
334 322
200 215
9002 8952
7029 7128
8699 8498
1329 1274
5003 4932
8389 8422
5482 5396
8435 8389
4430 4328
9645 9538
758 724
1008 1017
4625 4522
8029 7847
6963 6903
8395 8389
7062 7003
2921 3014
966 960
9788 9538
5396 5494
289 279
7857 7772
5653 5597
4522 4624
5875 6068
9531 9453
6714 6906
7035 7003
9593 9538
4070 4103
7708 7545
5955 6095
3358 3319
9538 9781
2920 2859
3385 3405
4582 4490
1998 1939
1023 1008
7213 7260
8071 8035
7331 7450
8498 8748
6677 6767
1278 1274
5396 5551
5597 5617
5743 5780
7974 7847
6497 6599
795 764
8697 8498
7187 7065
828 792
3296 3234
6337 6392
1872 1831
2774 2754
2161 2136
6497 6611
2465 2385
8952 9053
9853 9538
8240 8339
6721 6677
3011 2921
7029 7149
8224 8067
2385 2533
1208 1193
5924 5875
1945 1891
8023 7847
9410 9369
6247 6166
8920 8747
130 148
1681 1629
5321 5248
1933 1891
1098 1063
4123 4092
8467 8556
8924 8747
8153 8040
6382 6337
2211 2272
2191 2156
3105 3070
9956 9840
3070 3155
6714 6837
5838 5782
9840 9911
5656 5597
5597 5658
5782 5817
8708 8498
5064 5154
5343 5307
6714 6796
7213 7291
3676 3566
4272 4344
1969 1891
1193 1246
1026 1061
9538 9785
1455 1414
8082 8035
4651 4522
6422 6403
3385 3433
3436 3385
7249 7213
6169 6328
8747 8877
2964 2921
1274 1321
6302 6169
8284 8127
7900 7847
5427 5396
9871 9840
6417 6403
3070 3144
7772 7839
6497 6566
1381 1398
5789 5743
5008 4932
4054 3946
7125 7029
505 504
440 469
2319 2237
6083 6180
5597 5700
9814 9538
862 901
5615 5597
8852 8952
2198 2190
2 1
2738 2652
8389 8456
6138 6022
5487 5396
2071 2103
6323 6169
3256 3326
3946 4021
5782 5821
5468 5596
8009 7847
8498 8674
9090 9286
2300 2237
5782 5795
8747 8498
698 733
5678 5597
5064 5182
1784 1794
6698 6641
3518 3398
5875 6042
4007 3946
3204 3101
797 764
4522 4633
460 440
9840 9913
8952 9015
6780 6714
2095 2124
1828 1784
8485 8389
7734 7798
2262 2211
6497 6578
5153 5064
5064 5119
3562 3528
2024 1939
1567 1575
1063 1107
7559 7414
4977 4932
4825 4748
7665 7545
3679 3566
9799 9538
9245 9090
3718 3841
1309 1274
1226 1193
4098 4267
3385 3449
3073 3000
1591 1620
55 39
36 20
6448 6403
5368 5393
9538 9797
9840 9912
6888 6714
421 408
8952 9004
9369 9445
7164 7029
3101 3214
3095 3000
4530 4490
3319 3387
1130 1092
8952 9045
3319 3388
6403 6469
8647 8498
9840 9936
1939 2014
9270 9090
7392 7272
2385 2536
8952 9036
792 839
5414 5396
5470 5396
3609 3528
9126 8952
4743 4598
558 522
8952 9064
7209 7065
4348 4272
8971 9184
7734 7787
4092 4140
1821 1784
3870 3840
9818 9538
5064 5107
3528 3579
7841 7772
9883 9840
5248 5304
8498 8801
6903 6978
5064 5096
2628 2643
8035 8091
7653 7545
2924 2859
4053 3946
8747 8902
2385 2552
2859 2892
6329 6256
1274 1334
7213 7343
5648 5749
5271 5235
2628 2677
5648 5728
5142 5239
9039 8952
4526 4490
2385 2450
2717 2751
6497 6580
8372 8240
5488 5396
1274 1281
4031 3946
1611 1671
1678 1752
6403 6476
3879 3942
9729 9538
6367 6337
8052 8035
6083 6179
4873 4863
5815 5782
2330 2237
2596 2628
3398 3528
6903 6991
6641 6695
1344 1274
3385 3402
6083 6157
82 86
6272 6169
6899 6714
2156 2187
5013 5057
1586 1568
3429 3385
6464 6403
9143 8952
1457 1414
6133 6203
8457 8389
8659 8498
2596 2633
3440 3385
5424 5396
8351 8240
4408 4486
3101 3176
4092 4182
6416 6403
6784 6714
3295 3234
3317 3256
3840 3863
1377 1359
2983 2921
5142 5240
7545 7683
4821 4748
2027 1939
6133 6206
7532 7414
2378 2329
2921 3010
3706 3566
5677 5597
9276 9324
8747 8929
8747 8862
1891 1968
6497 6606
5648 5597
9495 9453
4932 4972
6641 6694
5064 5148
7587 7496
7003 7061
1637 1705
1274 1347
1891 1965
8747 8865
4871 4748
1008 1030
157 130
6714 6908
5875 5989
5875 6025
739 698
9538 9689
7842 7772
4932 4961
4932 4954
7602 7496
6714 6861
7353 7213
6905 6714
6359 6337
8964 8931
1471 1506
8035 8058
277 251
2206 2190
7657 7545
9038 8952
8952 9136
5955 6116
3000 3036
4470 4408
3398 3492
3854 3840
4786 4744
525 504
3101 3186
7545 7658
8097 8040
3000 3044
9718 9538
227 214
8067 8246
5396 5474
4627 4522
1193 1261
1274 1311
9538 9582
4408 4474
2385 2469
9538 9599
2226 2211
7734 7793
7065 7199
9060 9231
1567 1579
9538 9664
7155 7029
2790 2754
8467 8545
4081 4021
6653 6569
240 231
4408 4452
2628 2665
8952 9119
7893 7847
7549 7414
6133 6244
764 791
130 162
5875 5954
4446 4408
2772 2754
3879 3962
3268 3234
8446 8389
7213 7303
494 467
5142 5195
792 869
1026 1037
2628 2704
2859 2907
8515 8467
2628 2661
6133 6230
7029 7108
3566 3686
3670 3566
4092 4208
7331 7463
4490 4581
193 200
4350 4272
1784 1796
1707 1773
5946 5875
5782 5860
2958 2921
7847 7889
8127 8281
3865 3840
4588 4490
9369 9407
7780 7734
4726 4598
292 321
900 924
5597 5655
3000 3090
1513 1471
4052 3946
8498 8723
7029 7069
3338 3256
7213 7280
5572 5396
9453 9510
6169 6286
4408 4449
6903 6961
7066 7003
3228 3260
9512 9453
1944 1891
9862 9840
5782 5801
1784 1829
1026 1040
254 251
6169 6279
2156 2189
9958 9840
8971 9208
3206 3101
431 438
7545 7684
698 744
7414 7540
2082 2050
7075 7029
9538 9612
1204 1193
7331 7509
6049 5875
917 900
4408 4479
7213 7328
5307 5353
9090 9280
2385 2390
865 792
4748 4864
936 900
8768 8498
5396 5442
8171 8040
8040 8107
4459 4408
9840 9873
71 61
8698 8498
7213 7296
9090 9277
9140 8952
8240 8313
1878 1831
8952 9034
7734 7788
1611 1662
2237 2305
5439 5396
5267 5235
4529 4490
9453 9474
5184 5064
7003 7024
7545 7654
6714 6818
9369 9447
8240 8337
1373 1359
1943 2039
4092 4224
2877 2859
2385 2449
2879 2859
3946 4025
7414 7529
2303 2237
8389 8474
8952 8989
2255 2211
1089 1063
8332 8240
1274 1322
9290 9090
1026 1060
8498 8770
2424 2385
4886 4863
5127 5064
1707 1779
5131 5064
1831 1900
2329 2375
3812 3718
4634 4522
1611 1674
3566 3681
3853 3840
7272 7375
193 204
5597 5622
9680 9538
9402 9369
7417 7272
4522 4614
4766 4670
3597 3528
7168 7029
5390 5368
90 104
9561 9538
5717 5648
2442 2385
8065 8035
1939 1993
7498 7331
6403 6501
4974 4932
1584 1597
8971 9187
8737 8498
4158 4092
5064 5109
747 698
1272 1193
1052 1026
3000 3096
6439 6403
4562 4490
408 423
2628 2682
9840 9919
3888 3840
1891 1951
8736 8498
7772 7867
7864 7772
6451 6403
1002 979
2696 2628
8327 8240
8333 8240
8386 8240
2013 1939
8498 8773
7065 7194
2726 2652
5013 5060
9538 9613
7048 7003
5630 5597
3721 3707
1063 1106
5475 5396
7368 7272
1637 1714
5226 5142
5396 5476
8240 8338
1026 1036
3209 3101
3009 2921
3540 3398
4223 4278
661 624
9538 9662
1516 1471
6403 6495
2460 2385
3256 3311
2859 2918
5955 6091
1923 1977
1131 1133
573 592
8498 8752
4522 4630
4709 4598
2385 2516
8747 8925
3070 3119
4598 4686
1879 1831
6403 6498
8389 8464
6183 6083
6569 6656
6041 5875
5307 5361
7772 7865
7447 7331
3528 3606
6828 6714
2694 2628
678 661
2385 2475
8203 8067
3946 4000
3590 3528
7023 6903
5345 5307
4687 4598
637 605
5396 5418
8208 8067
9717 9538
4408 4457
251 264
4490 4549
8842 8747
6714 6778
5597 5654
3020 2953
2782 2754
9199 8971
4880 4863
8747 8849
2443 2385
9369 9425
5202 5142
8156 8040
754 724
3122 3070
9314 9178
3895 3848
7734 7778
441 431
3227 3101
7847 7915
4098 4271
6912 6714
3569 3528
4863 4899
4272 4342
8633 8467
584 568
6337 6400
8454 8389
8389 8453
342 366
9538 9823
6319 6169
4929 4868
5142 5216
5468 5611
9815 9538
1404 1428
1184 1131
4608 4490
442 484
4092 4190
458 440
2453 2385
3769 3718
8229 8067
5782 5885
5597 5621
2596 2616
2047 1943
6997 6903
2222 2211
6337 6389
2921 2981
137 173
7414 7570
9538 9816
5782 5842
2839 2783
1730 1678
2984 2921
6169 6309
6677 6730
200 214
9080 8952
5235 5273
5142 5208
6903 6968
8541 8467
6337 6379
2122 2095
8467 8620
9369 9424
3528 3564
4115 4092
1466 1414
9369 9443
3153 3070
1396 1359
5012 4932
8067 8239
4762 4670
868 792
2998 2921
748 698
5396 5548
1807 1784
6955 6903
605 627
1274 1345
9840 9865
4814 4744
4206 4092
1938 1891
9840 9962
1274 1360
7295 7213
8067 8254
8467 8612
7021 6903
4328 4415
5468 5590
2632 2596
7847 7977
2308 2237
5784 5743
1026 1051
8067 8241
8706 8498
5396 5546
4646 4522
130 158
7545 7676
3817 3718
3480 3398
4408 4438
4913 4863
757 724
2385 2419
2071 2109
5368 5377
624 658
3897 3848
5782 5875
7704 7763
322 333
3234 3276
273 251
7847 8012
8568 8467
2842 2864
467 500
8389 8424
4314 4272
395 368
5743 5763
6714 6830
7029 7133
6474 6403
5896 5875
7734 7806
8240 8346
6569 6642
2138 2095
759 780
5468 5594
4287 4223
5875 5937
1101 1063
848 792
9840 9902
7003 7047
2859 2900
7847 7923
8124 8040
504 526
82 88
2921 2960
6337 6395
7860 7772
7331 7497
5443 5396
466 440
9369 9411
9276 9335
1784 1800
4265 4098
3605 3528
6517 6497
3763 3718
9498 9453
9573 9538
6337 6409
624 667
56 39
2596 2620
9538 9736
6725 6677
6879 6714
61 75
2941 2921
6714 6869
8498 8714
1274 1325
2385 2399
529 504
4928 4938
6677 6733
82 85
6505 6403
115 127
7117 7029
3398 3520
8601 8467
5079 5013
7545 7712
1195 1151
6169 6287
6169 6262
115 125
573 597
5178 5064
1404 1430
2050 2078
6791 6714
5868 5782
3926 3879
6292 6169
1359 1274
6403 6415
5064 5143
1193 1218
2504 2559
7847 7927
3528 3567
6838 6714
2783 2836
8724 8498
4560 4490
3718 3793
4858 4748
2482 2385
3181 3101
2371 2329
5396 5471
4490 4528
1219 1193
8952 9061
3497 3398
3583 3528
1131 1166
3718 3764
169 130
9408 9369
6677 6746
2630 2596
3528 3626
6385 6337
8277 8127
7305 7213
7026 7003
4490 4495
1939 2008
605 638
3256 3305
2136 2165
130 163
4522 4643
5396 5536
7496 7586
6714 6872
2525 2385
8498 8711
8467 8516
8317 8240
2504 2578
82 87
2622 2596
7372 7272
5396 5505
7314 7213
8467 8625
5396 5421
6338 6256
7847 8022
1131 1170
2385 2471
1193 1274
440 468
912 862
8467 8522
6903 6966
3718 3748
279 292
9759 9538
4401 4328
5782 5793
2921 3016
3630 3566
8747 8908
7589 7496
7847 7934
2169 2136
8940 8747
3718 3807
8747 8937
7136 7029
3879 3917
8040 8106
5396 5452
5648 5730
5378 5368
2211 2248
792 854
1191 1151
9019 8952
1032 1008
3840 3875
2444 2385
3264 3228
8455 8389
6569 6650
8971 9171
118 110
8498 8784
1391 1359
8747 8933
8971 9206
571 522
5787 5743
724 759
9840 9949
5597 5643
8918 8747
467 486
8803 8498
2329 2368
6732 6677
792 846
8389 8495
7847 8005
3718 3770
6337 6256
2754 2775
7272 7384
38 44
4141 4092
4748 4850
9765 9538
8747 8916
9209 8971
6615 6497
1089 1112
3566 3693
425 408
4948 4928
605 630
1131 1146
8067 8263
4939 4928
8159 8040
707 695
568 574
7029 7140
5396 5422
8526 8467
8040 8113
4292 4223
3159 3070
7847 7973
7609 7545
8320 8240
1874 1831
8040 8108
5064 5115
7545 7715
1670 1611
7077 7029
1635 1611
3045 3000
7545 7694
5637 5597
4490 4548
7674 7545
3946 3995
6083 6162
4272 4358
9809 9538
7361 7272
1274 1283
8952 9078
6903 6989
8067 8199
1359 1392
61 68
4660 4522
961 996
4245 4092
2966 2921
1797 1784
7757 7688
7051 7003
6133 6207
1572 1497
6819 6714
3840 3884
5682 5597
8833 8747
3469 3398
8952 9142
4223 4288
8539 8467
5743 5759
6890 6714
792 843
1264 1193
5064 5156
8971 9185
8747 8891
3357 3319
628 605
6714 6894
4177 4092
3927 3879
7212 7065
1193 1265
719 695
6569 6671
5782 5864
2329 2366
5064 5155
5782 5870
8447 8389
4021 4063
5955 6096
7545 7605
7102 7029
8506 8389
9237 9060
6667 6569
9141 8952
7324 7213
7331 7430
6403 6431
504 507
5955 6075
2237 2306
9300 9178
3070 3112
4223 4290
8178 8067
2859 2888
6714 6874
6344 6256
7088 7029
2628 2659
279 297
2211 2249
7213 7255
5799 5782
1131 1164
6156 6083
4163 4092
6240 6133
8127 8286
8404 8389
3718 3757
3053 3000
8040 8103
1643 1611
1411 1381
9369 9456
602 591
8219 8067
8003 7847
3256 3329
1519 1471
295 279
151 130
4272 4336
2237 2326
3528 3612
1537 1471
699 695
6403 6482
9538 9769
1817 1784
2385 2428
2050 2075
1404 1447
8301 8127
1835 1784
6714 6847
4128 4092
3566 3682
7849 7772
2927 2859
1831 1876
8971 9192
4748 4842
1831 1895
1193 1275
8672 8498
1783 1707
8952 9077
1885 1831
3675 3566
979 961
5906 5875
5875 6060
2360 2329
7772 7844
4261 4098
4863 4905
5597 5468
3946 4029
5597 5690
9538 9570
3879 3971
5248 5300
661 686
6383 6337
2547 2385
4272 4098
2859 2905
2652 2723
661 680
9368 9276
568 577
5807 5782
4795 4744
2717 2762
8389 8472
1131 1152
33 20
6332 6256
1274 1346
1016 1008
4408 4493
6403 6423
5904 5875
7011 6903
8127 8299
7792 7734
5245 5142
7651 7545
4365 4328
9050 8952
4092 4210
9216 9060
7236 7065
5259 5235
5081 5013
2859 2928
3718 3806
1274 1341
6903 6994
2539 2385
2285 2211
6714 6863
2347 2329
8389 8392
224 214
3256 3324
1637 1692
3442 3385
979 1012
9453 9540
6886 6714
2596 2626
5666 5597
313 292
7432 7331
6133 6238
1678 1629
6569 6621
1026 1041
1672 1611
6443 6403
2385 2534
886 851
4522 4619
8467 8635
6402 6337
4832 4748
6655 6569
3848 3718
7029 7114
7470 7331
8010 7847
1372 1359
1151 1197
6641 6699
8952 9111
1063 1026
9151 8952
6677 6705
5241 5142
3000 3088
965 960
3000 3089
7847 7944
7213 7284
3385 3392
2921 3003
5248 5303
1784 1824
9538 9825
3070 3138
2457 2385
759 779
5064 5141
2441 2385
900 953
7347 7213
2856 2842
9060 9214
1414 1480
4746 4598
1033 1008
1546 1497
8019 7847
8326 8240
4434 4408
6569 6673
5383 5368
7545 7646
5648 5743
4511 4490
7414 7567
1649 1611
624 655
4670 4756
3810 3718
5325 5372
3385 3453
1173 1131
4490 4576
6903 7022
8467 8525
1150 1131
4522 4613
8591 8467
4801 4744
8240 8350
3946 4041
6569 6661
3282 3234
8040 7847
6758 6677
4354 4272
5875 5972
7620 7545
7454 7331
9134 8952
1404 1418
8952 8993
5235 5255
3718 3839
5756 5743
4490 4496
5437 5396
1658 1611
8467 8519
1939 2017
3671 3566
4802 4744
3670 3715
2385 2529
2211 2236
5847 5782
8045 7847
3566 3648
5142 5217
7331 7444
3717 3670
4863 4748
4418 4328
8067 8210
4666 4522
4932 4963
2237 2294
130 153
7331 7431
9840 9885
4932 4975
6236 6133
9721 9538
1090 1063
4542 4490
5775 5743
8389 8491
4490 4552
2921 2982
998 979
2096 2050
4389 4328
4863 4882
9316 9178
5597 5624
5696 5597
6133 6226
5875 5985
1359 1362
2385 2517
8747 8923
522 557
8879 8747
6471 6403
2211 2228
7668 7545
8810 8747
8067 8237
7723 7545
1496 1414
1637 1723
5597 5623
6983 6903
5260 5235
6569 6669
3718 3749
1193 1212
3070 3129
8389 8431
8389 8508
8696 8498
7331 7440
5493 5396
1784 1802
827 792
4328 4386
3718 3761
7156 7029
5465 5396
2385 2544
375 347
2781 2754
6609 6497
9538 9789
5013 5047
5163 5064
5165 5064
3493 3398
3398 3466
3528 3627
7331 7496
6053 5875
3139 3070
4773 4744
8467 8594
2136 2167
4174 4092
8389 8402
4272 4360
7847 7997
2923 2859
9453 9497
251 271
8719 8498
5816 5782
7413 7272
8120 8040
2498 2385
2058 2043
6569 6634
8931 8955
2859 2915
6306 6169
3818 3718
5248 5323
6714 6873
7065 7222
7591 7496
2628 2660
1617 1584
1923 1981
7352 7213
6684 6641
1840 1784
3318 3256
2237 2299
8389 8420
8067 8175
5317 5248
9317 9178
925 900
1140 1131
3339 3256
3545 3398
6588 6497
5631 5597
1697 1637
9538 9663
3422 3385
8260 8067
9910 9840
5325 5248
1563 1497
1678 1731
5277 5235
3375 3319
8408 8389
5648 5716
2953 3029
5373 5325
6169 6269
3528 3604
6976 6903
2071 2098
8498 8796
8952 9063
3070 3152
8240 8381
2050 2095
3183 3101
6160 6083
698 736
4021 4086
6569 6638
3158 3236
7489 7331
4092 4148
3158 3242
1511 1471
2334 2329
8040 8158
8467 8534
440 463
4748 4865
9528 9453
2061 2043
455 440
4028 3946
900 961
5248 5322
2407 2385
6903 6993
8127 8271
5581 5468
9840 9867
6169 6282
541 522
5396 5430
9090 9254
792 840
3385 3407
1761 1707
3944 3879
9538 9653
3566 3691
8952 9022
6169 6318
4932 4980
61 65
851 881
7330 7213
7967 7847
6641 6689
7847 7932
1359 1382
8467 8530
6169 6311
5054 5013
4021 4090
4230 4092
6903 6945
7877 7847
3234 3294
8072 8035
711 695
8035 8057
3707 3724
4884 4863
1891 1923
8932 8747
2754 2769
2385 2458
8467 8629
9840 9890
1990 1939
9538 9845
2406 2385
4244 4092
961 983
7029 7181
5396 5555
2535 2385
6497 6555
5064 5098
2628 2656
753 724
2046 1943
141 130
3085 3000
5396 5542
9840 9909
3535 3398
5032 4932
6497 6510
361 342
2284 2211
8373 8240
3771 3718
5325 5371
130 167
4598 4738
3070 3126
8240 8329
3376 3319
3707 3727
126 115
4984 4932
6354 6337
3528 3611
5188 5064
7065 7234
7808 7734
792 842
7887 7847
9276 9331
9210 9060
6497 6591
261 251
7414 7533
3768 3718
1436 1404
698 724
5396 5481
759 778
7414 7514
2777 2754
752 724
4505 4490
4670 4764
8498 8765
8977 8931
8467 8540
6037 5875
298 279
2580 2504
2859 2887
624 639
4806 4744
291 279
3196 3101
900 957
2095 2115
9156 8971
9348 9276
5823 5782
9719 9538
1943 2042
7545 7719
9246 9090
4092 4154
9453 9491
6403 6481
2921 3004
7041 7003
2754 2810
862 792
7091 7029
1831 1901
1540 1497
5103 5064
3718 3789
3158 3237
548 522
2190 2202
5142 5213
3169 3070
4328 4395
1193 1271
296 279
522 560
5064 5120
7897 7847
8895 8747
6731 6677
4092 4183
9538 9669
8000 7847
8498 8701
2087 2050
3718 3670
6169 6289
6403 6477
407 368
7847 7884
7862 7772
851 890
477 440
6251 6166
9225 9060
5875 6026
2939 2921
8747 8922
7685 7545
5510 5396
960 900
3319 3368
3533 3398
8952 9116
90 98
1063 1100
1314 1274
3925 3879
3135 3070
5064 5142
1263 1193
5433 5396
8007 7847
7018 6903
2385 2495
900 920
522 543
7847 7987
9935 9840
504 530
3070 3142
4433 4328
3026 2953
7215 7065
200 210
1685 1629
6903 6947
6595 6497
30 20
6903 6988
7734 7804
4161 4092
8398 8389
624 651
8035 8088
5597 5627
5875 5922
7641 7545
8965 8931
7942 7847
8952 9102
6386 6337
552 522
9394 9369
4135 4092
4781 4744
3299 3234
6903 6714
402 368
7331 7426
7847 7879
2211 2257
8747 8825
5606 5468
2824 2783
9506 9453
2530 2385
4733 4598
7414 7510
1646 1611
322 339
6497 6612
2652 2743
9538 9597
6867 6714
6038 5875
876 851
9608 9538
231 239
6039 5875
7539 7414
4522 4631
6646 6569
8432 8389
6166 6083
3108 3070
5782 5866
8086 8035
3418 3385
8694 8498
3683 3566
7504 7331
5396 5550
3508 3398
8293 8127
5248 5324
3848 3896
3523 3398
1148 1131
9623 9538
7001 6903
6903 6929
8952 8994
6677 6765
8666 8498
1086 1026
3946 4051
9508 9453
5597 5688
9031 8952
1029 1008
5671 5597
2628 2691
4791 4744
2074 2050
979 1009
9232 9060
4437 4408
2200 2190
1939 1989
4978 4932
6677 6766
7734 7783
5396 5508
9741 9538
8240 8375
9574 9538
3530 3398
7288 7213
7734 7800
8826 8747
8067 8179
6782 6714
9224 9060
8783 8498
8083 8035
8021 7847
5064 5162
9369 9399
3217 3101
591 573
1611 1657
5169 5064
1404 1438
9538 9656
7772 7845
5681 5597
2921 3015
9840 9900
5297 5248
3131 3070
6824 6714
9429 9369
4748 4826
7253 7213
1891 1970
8168 8040
2341 2329
6714 6896
522 539
8852 8949
2842 2852
9538 9621
6403 6465
5235 5291
1471 1534
3335 3256
2628 2667
2859 2922
1026 1043
4260 4092
1678 1732
6827 6714
7734 7812
5963 5875
3101 3226
8910 8747
4325 4272
2487 2385
9704 9538
4695 4598
3946 4001
1407 1381
4160 4092
9840 9897
6398 6337
8470 8389
8952 9107
1567 1577
8952 9118
9538 9777
9072 8952
4328 4366
8030 7847
95 82
6064 5875
2818 2754
4504 4490
8641 8467
4218 4092
8747 8926
676 661
9133 8952
9538 9578
3386 3319
792 836
7272 7409
2097 2071
5648 5720
63 54
6972 6903
6931 6903
5201 5142
281 251
5639 5597
7545 7616
1131 1185
8971 9196
764 793
5264 5235
3474 3398
9972 9840
1026 1080
4860 4748
20 35
8389 8440
2666 2628
1584 1612
4932 4990
6512 6497
4507 4490
3906 3848
3528 3595
7319 7213
5886 5782
961 980
2357 2329
2377 2329
4598 4693
9538 9715
6159 6083
323 292
3593 3528
3398 3529
8812 8747
9327 9276
5352 5307
1536 1471
2521 2385
7160 7029
816 764
4076 4021
6083 5955
1131 1188
6900 6714
6903 6975
2709 2628
7065 7200
5396 5512
8498 8772
5875 6050
7331 7508
9538 9667
2381 2329
3832 3718
7213 7261
8952 9115
1775 1707
7571 7496
6497 6558
7213 7351
5991 5875
3539 3398
5064 5175
8952 9048
8786 8498
7079 7029
3487 3398
4233 4092
9840 9925
4685 4598
4591 4490
3228 3249
5346 5307
8971 9198
4987 4932
6337 6394
1621 1591
4654 4522
2652 2734
53 39
3101 3192
4092 4204
7491 7331
7439 7331
3638 3566
2186 2156
2385 2479
8389 8476
9325 9276
8399 8389
9851 9538
5468 5580
8928 8747
2071 2102
6155 6022
6949 6903
7213 7275
7308 7213
9714 9538
5396 5368
9565 9538
4092 4125
5534 5396
4877 4863
4021 4074
7619 7545
8131 8040
7331 7506
1831 1854
1939 2004
3734 3707
3528 3600
2859 2912
4522 4615
6856 6714
12 8
347 382
5608 5468
4932 5019
139 125
1637 1611
1481 1414
5901 5875
3116 3070
8966 8931
6430 6403
1891 1955
9753 9538
8730 8498
9616 9538
1677 1629
8498 8725
5648 5750
5396 5425
2736 2652
9403 9369
4083 4021
1414 1476
8598 8467
9269 9090
21 19
4070 4107
9369 9401
982 961
7455 7331
3566 3633
5064 5139
1006 979
8249 8067
2211 2275
3733 3707
2509 2385
258 251
8747 8907
9218 9060
9276 9382
2561 2603
3707 3730
3718 3747
7545 7622
6403 6446
347 385
1008 1019
724 764
7519 7414
3000 3062
4187 4092
1611 1632
2396 2385
3632 3566
1850 1831
4893 4863
5307 5327
6926 6714
5583 5468
7985 7847
4281 4223
428 408
3408 3385
9538 9700
4932 5016
3960 3879
1814 1784
1471 1527
1831 1865
1523 1471
776 759
1228 1193
1414 1491
9276 9371
2589 2561
1110 1071
1784 1793
1637 1722
2409 2385
8008 7847
1359 1363
8442 8389
5423 5396
9511 9453
409 368
5002 4932
683 661
6516 6497
4748 4848
6685 6641
9828 9538
6403 6462
8240 8319
8247 8067
3840 3867
9177 8971
4111 4070
6569 6632
2921 2978
3018 2953
9009 8952
4598 4692
7789 7734
368 413
4522 4618
1274 1350
9538 9820
1939 2002
7734 7770
5053 5013
3866 3840
6614 6497
9453 9547
8186 8067
5875 6066
9477 9453
1089 1116
8764 8498
214 223
7272 7419
6175 6083
5875 6040
2596 2619
7545 7717
6169 6274
6086 5955
4092 4180
9659 9538
6571 6497
2190 2195
5486 5396
5778 5743
7975 7847
7 6
4759 4670
8498 8805
1421 1404
4838 4748
7545 7626
4328 4425
8040 8150
9538 9607
2385 2483
1707 1778
8931 8959
1716 1637
6337 6411
2919 2859
1426 1404
282 251
7847 8035
2156 2136
8259 8067
770 724
4836 4748
6169 6284
624 663
1831 1857
608 591
2780 2754
1018 1008
3471 3398
6700 6677
3113 3070
6903 6930
3377 3319
2628 2713
4712 4598
1809 1784
2095 2114
3718 3779
9590 9538
2468 2385
4387 4328
279 287
4519 4490
7383 7272
8952 9032
342 358
7734 7786
806 764
8127 8302
9101 8952
2329 2353
6948 6903
7272 7370
9988 9840
205 193
1784 1848
6497 6553
5640 5597
408 422
4098 4269
3398 3512
8342 8240
1963 1891
9453 9530
8604 8467
9538 9630
6714 6821
698 732
6022 6133
8498 8792
5310 5248
9060 9235
3055 3000
9677 9538
2581 2504
4010 3946
8747 8890
8040 8146
2211 2238
1149 1131
130 152
1193 1262
8389 8469
8747 8843
5732 5648
3234 3288
479 440
3398 3385
8952 9146
4598 4745
4340 4272
3566 3668
2385 2480
5597 5650
1274 1328
2445 2385
5235 5266
6337 6406
4610 4522
8962 8931
1538 1497
4863 4917
3414 3385
6714 6797
3992 3946
5308 5248
1831 1784
251 259
568 578
532 504
5743 5790
7213 7354
1299 1274
1839 1784
1089 1124
5170 5064
7772 7829
6715 6677
4352 4272
1687 1629
5498 5396
3718 3773
5856 5782
5189 5064
8060 8035
1891 1941
8952 9007
4761 4670
5875 5914
1079 1026
3946 4013
6714 6789
6460 6403
130 156
440 453
2043 2064
7697 7545
4408 4477
9840 9960
5244 5142
8692 8498
7734 7815
1939 1987
9525 9453
7817 7734
8467 8550
4823 4748
5875 5908
3718 3740
6188 6133
8305 8240
8141 8040
8608 8467
6337 6380
1532 1471
1847 1784
8944 8747
431 437
6169 6315
130 146
8747 8917
4522 4645
4932 4979
8829 8747
4522 4637
6549 6497
8127 8274
6275 6169
3234 3281
4690 4598
961 975
4498 4490
6807 6714
9276 9342
1063 1103
2211 2268
2385 2435
8467 8586
5782 5796
2641 2628
408 420
1414 1458
9926 9840
1193 1242
200 213
2504 2561
7522 7414
867 792
6497 6531
14 8
6809 6714
4490 4599
8639 8467
2655 2628
9000 8952
2658 2628
6506 6497
1591 1627
440 446
9090 9243
3946 4022
9369 9416
4050 3946
1085 1026
8478 8389
7414 7520
2695 2628
7029 7152
2211 2279
6917 6714
171 192
8240 8315
6677 6745
6569 6624
8035 8074
9538 9698
8467 8573
3877 3840
5879 5782
3203 3101
9538 9744
196 193
3776 3718
7141 7029
1923 1982
3262 3228
19 22
3389 3319
1939 2023
979 1008
7331 7433
7734 7777
6579 6497
4670 4765
9538 9735
1707 1774
1042 1026
1891 1930
1500 1471
7190 7065
238 248
8467 8582
251 278
4834 4748
6169 6278
9538 9803
8493 8389
8040 8151
4744 4771
8971 9164
8463 8389
7847 7960
7847 7872
5396 5514
7847 7772
2868 2842
252 238
8240 8309
2496 2385
6082 5955
4014 3946
2385 2538
698 750
3577 3528
3398 3479
7832 7772
4257 4092
3903 3848
3959 3879
9538 9794
3008 2921
6403 6418
1092 1131
8590 8467
1831 1861
5597 5613
171 195
5824 5782
8974 8931
6569 6657
1179 1131
5396 5496
6387 6337
9430 9369
6046 5875
5468 5607
6169 6267
2329 2349
6724 6677
3879 3937
3328 3256
1413 1404
5706 5597
3393 3385
9571 9538
5648 5752
7046 7003
9538 9633
3158 3239
4069 4021
8952 8999
1186 1131
1729 1637
5831 5782
9276 9341
4408 4494
7306 7213
2358 2329
440 478
9538 9585
8498 8661
7545 7688
504 513
6957 6903
8952 8996
988 961
1781 1707
8761 8498
2237 2331
2890 2859
8355 8240
1414 1494
9538 9676
6022 6152
9523 9453
2190 2199
6497 6618
342 322
3840 3886
6133 6228
8389 8466
8067 8195
4193 4092
3190 3101
3918 3879
2985 2921
4322 4272
5537 5396
5013 5046
4082 4021
5197 5142
3680 3566
3552 3528
8035 8073
7380 7272
7753 7688
2239 2211
5396 5478
9250 9090
5396 5431
1486 1414
8040 8102
2321 2237
6346 6337
1063 1094
2050 2080
1213 1193
3718 3837
3070 3117
4744 4782
5142 5229
4392 4328
9568 9538
2237 2293
7078 7029
8498 8781
214 237
5597 5644
1745 1678
961 990
9369 9454
8755 8498
8894 8747
9239 9090
7331 7442
6677 6761
2208 2190
1497 1553
7672 7545
2099 2071
1406 1381
353 322
9964 9840
1630 1591
2965 2921
8499 8389
7057 7003
7197 7065
799 764
802 764
6133 6187
6677 6701
2329 2342
6527 6497
2156 2174
9620 9538
8952 9062
2461 2385
3074 3000
1784 1834
6754 6677
7545 7711
3538 3398
9580 9538
4812 4744
3476 3398
5307 5338
7541 7414
961 995
8704 8498
2385 2426
2050 2079
4490 4596
8512 8467
8389 8400
5782 5826
9681 9538
6365 6337
632 605
7700 7545
6133 6218
831 792
2095 2136
8668 8498
8467 8627
4570 4490
3174 3101
7029 7163
9875 9840
4744 4779
1026 1045
6497 6507
3158 3070
5875 6008
6169 6294
3670 3707
5013 5088
6298 6169
718 695
7847 7910
6241 6133
340 322
3876 3840
522 555
283 251
3109 3070
7563 7414
7104 7029
2596 2629
3718 3826
4481 4408
6337 6361
1011 979
9840 9991
8028 7847
268 251
7065 7192
4120 4092
2548 2385
9538 9847
1567 1497
8587 8467
7272 7379
7414 7513
9478 9453
1193 1223
8425 8389
1343 1274
2859 2913
9163 8971
4702 4598
4272 4361
900 921
7667 7545
4522 4628
9994 9840
9836 9538
3101 3221
3000 3035
9150 8952
3046 3000
4328 4396
3398 3489
3528 3603
396 368
1784 1845
4744 4798
2628 2685
6534 6497
9950 9840
7451 7331
504 517
1953 1891
3394 3385
5368 5380
3565 3528
8747 8941
2628 2640
6855 6714
9481 9453
8062 8035
9276 9374
1701 1637
1026 1058
3722 3707
2123 2095
8035 8089
2783 2825
3615 3528
8664 8498
2385 2464
1193 1231
4522 4617
5698 5597
3233 3158
2410 2385
2652 2724
3718 3787
1581 1568
2628 2675
5957 5875
3718 3840
5248 5318
2754 2817
6569 6675
9090 9271
6169 6299
7331 7462
7266 7213
9690 9538
624 672
9896 9840
1647 1611
5142 5252
2846 2842
9538 9850
573 598
8240 8358
3385 3401
9538 9767
5955 6084
1784 1823
676 698
9840 9874
6337 6355
5064 5151
647 624
4092 4149
7734 7775
6903 7005
1471 1414
5648 5729
9840 9987
7082 7029
7536 7414
2385 2400
624 644
6677 6720
3921 3879
1471 1510
1093 1063
7736 7545
4092 4195
6337 6401
1274 1317
2783 2830
3718 3778
7272 7408
3070 3164
9538 9626
1471 1520
3946 4017
7847 7906
7404 7272
3101 3180
9418 9369
2211 2282
689 661
4778 4744
2050 2081
4390 4328
1568 1580
2689 2628
7847 7886
9882 9840
3000 3076
2043 2055
5782 5832
1284 1274
9037 8952
3309 3256
5445 5396
8931 8972
9137 8952
8423 8389
3256 3342
7545 7661
2523 2385
3000 3030
4883 4863
4223 4285
3901 3848
8389 8418
1206 1193
2737 2652
5064 5164
940 900
570 522
3314 3256
7302 7213
171 137
3319 3382
8170 8040
1193 1215
4092 4192
3528 3625
231 246
8780 8498
3629 3566
4932 5028
8479 8389
2385 2494
9453 9482
8467 8624
6103 5955
3256 3306
6714 6786
4563 4490
4088 4021
140 176
5648 5711
251 267
4736 4598
8969 8931
5747 5648
8467 8603
8192 8067
5329 5307
8759 8498
1707 1637
6608 6497
9409 9369
6500 6403
5566 5396
7414 7543
9538 9660
5348 5307
2972 2921
4788 4744
3372 3319
6934 6903
1471 1508
1831 1891
8378 8240
1274 1280
4598 4694
8038 7847
629 605
8567 8467
9538 9572
6375 6337
3946 3982
5235 5257
5064 5136
2635 2596
2628 2680
8176 8067
6364 6337
3145 3070
280 251
8467 8613
7165 7029
2385 2518
6547 6497
2859 2896
2834 2783
1026 1081
4490 4586
2009 1939
5950 5875
7029 7071
7299 7213
887 851
3568 3528
7422 7331
1479 1414
231 244
9483 9453
792 834
4039 3946
6497 6522
4168 4092
821 792
9538 9640
4092 4205
5064 5140
3101 3222
1472 1414
7545 7662
5396 5535
4897 4863
670 624
3413 3385
6875 6714
4598 4714
6540 6497
3369 3319
6434 6403
5753 5648
7213 7335
1349 1274
1522 1471
2370 2329
7691 7545
1784 1806
5396 5513
1381 1402
7545 7618
5520 5396
371 342
9090 9284
4092 4256
5344 5307
5064 5179
2269 2211
1427 1404
3999 3946
6589 6497
8067 8256
8880 8747
347 383
6055 5875
9299 9178
1163 1131
387 347
6904 6714
6842 6714
7628 7545
4362 4328
2532 2385
9914 9840
7785 7734
916 900
5762 5743
4488 4408
8952 9087
9905 9840
2095 2121
4522 4649
6169 6277
6865 6714
9538 9804
1207 1193
8893 8747
4490 4517
2921 2946
8114 8040
5370 5325
4179 4092
5090 5013
2160 2136
3319 3365
7331 7473
7779 7734
9928 9840
251 260
8887 8747
4223 4275
7272 7393
5009 4932
9090 9258
1653 1611
992 961
9538 9842
1656 1611
174 140
8850 8747
2385 2408
7272 7364
134 125
7847 7924
6714 6831
6458 6403
5396 5525
4188 4092
8498 8686
6133 6190
7065 7210
193 201
7704 7764
7213 7333
8075 8035
8167 8040
7064 7003
1943 2035
6569 6647
3438 3385
3502 3398
7309 7213
2628 2644
3531 3398
8031 7847
4863 4894
1599 1584
5094 5064
8536 8467
5396 5575
2921 2986
8040 8142
5875 5949
3490 3398
1105 1063
8797 8498
8602 8467
171 180
1584 1605
5597 5693
3398 3482
8585 8467
9840 9954
1758 1707
4490 4595
8067 8187
4597 4490
6938 6903
7414 7511
7056 7003
3978 3879
4603 4490
8467 8543
675 658
9661 9538
1770 1707
6848 6714
6313 6169
2610 2596
5515 5396
1707 1765
1131 1165
3175 3101
5968 5875
5368 5381
1020 1008
279 300
9840 9996
3946 3993
6169 6293
8816 8747
2504 2557
5396 5567
9839 9538
4367 4328
2615 2596
2502 2385
7453 7331
2290 2211
18 14
1274 1287
2792 2754
1637 1713
1026 1046
3130 3070
2783 2826
9178 9313
4944 4928
6956 6903
8389 8458
1193 1233
657 624
2994 2921
4092 4132
7752 7688
8389 8509
661 693
4080 4021
1831 1909
1274 1355
8498 8769
481 440
229 214
844 792
2385 2393
1608 1584
2043 2065
1247 1193
4490 4579
368 405
6773 6677
5582 5468
804 764
7262 7213
3136 3070
3000 3034
3718 3741
759 772
3745 3718
3301 3256
1891 1949
9386 9369
8498 8762
1089 1123
2702 2747
4490 4594
1831 1890
4408 4453
8067 8213
5743 5782
1067 1026
6405 6337
9538 9808
4084 4021
3869 3840
1039 1026
8116 8040
2211 2230
8064 8035
2171 2136
9090 9293
7545 7740
8041 7847
4328 4388
251 272
4092 4138
8747 8874
624 649
764 787
3528 3586
2215 2190
8498 8669
5810 5782
3496 3398
7029 7183
6697 6641
8997 8952
1831 1877
6108 5955
4147 4092
8952 9012
5875 5941
5477 5396
3234 3275
6252 6166
2050 2086
8498 8777
8389 8409
4557 4490
764 784
1404 1440
9276 9350
5875 5912
9465 9369
2050 2089
2274 2211
3398 3467
2757 2717
8498 8671
7029 7176
8952 9068
4221 4092
7772 7830
5396 5441
7545 7655
6569 6654
4502 4490
8266 8067
3228 3250
1939 2026
5307 5328
7545 7709
3385 3423
3256 3322
9090 9273
2752 2717
207 220
4016 3946
6497 6525
8152 8040
9829 9538
698 731
8774 8498
9090 9260
3147 3070
5652 5597
38 43
269 251
9538 9675
5925 5875
2596 2618
276 251
2476 2385
7345 7213
943 900
5274 5235
8968 8931
7847 8034
9538 9588
1089 1119
7986 7847
440 454
7232 7065
8936 8747
6129 6022
945 900
3718 3827
3904 3848
4522 4668
8467 8623
4744 4808
1387 1359
325 292
6024 5875
5697 5597
8312 8240
6939 6903
6456 6403
701 695
3070 3154
5007 4932
2652 2720
2091 2050
2490 2385
94 82
2145 2095
7888 7847
6146 6022
5013 5052
2315 2237
91 82
440 452
8465 8389
2628 2662
8389 8452
2304 2237
2073 2050
9538 9649
184 171
9538 9778
9755 9538
