1 10000 10000
1293 1274
7213 7250
3070 3115
1193 1251
7816 7734
6597 6497
9090 9264
7337 7213
5142 5223
1943 2044
631 605
9194 8971
2100 2071
817 764
5064 5122
114 110
504 527
9538 9623
8067 8184
8952 8992
6497 6586
2351 2329
8383 8240
9369 9418
5142 5226
7847 7912
1397 1381
2041 1943
3070 3125
467 497
3451 3385
5540 5396
5602 5468
792 824
2237 2292
2165 2136
815 764
8977 8931
2921 2961
4748 4853
5064 5106
2190 2212
5852 5782
1939 2016
7213 7310
2841 2783
6497 6578
8270 8127
8791 8498
5248 5297
2156 2185
1131 1172
4021 4094
9022 8952
9923 9840
2717 2756
6497 6530
5875 5988
6903 6714
504 528
1404 1446
4582 4490
90 96
4847 4748
3718 3810
5941 5875
4363 4328
5875 6007
4432 4328
2859 2880
4408 4443
4490 4509
2192 2156
4670 4752
1629 1680
762 724
5396 5427
6455 6403
9840 9891
5782 5879
4791 4744
4272 4319
4092 4127
514 504
7545 7702
503 489
9411 9369
8434 8389
4598 4712
8360 8240
5307 5359
5874 5782
9453 9529
9329 9276
4283 4223
9118 8952
7953 7847
8166 8040
9840 9983
7317 7213
7545 7723
9276 9374
5252 5142
8026 7847
1193 1234
9750 9538
1555 1497
19 24
1549 1497
3654 3566
4699 4598
9497 9453
8952 9067
4598 4716
5532 5396
8553 8467
5396 5525
9178 9304
3219 3101
2703 2628
2211 2235
251 279
4327 4272
961 972
5064 5168
1784 1826
9538 9734
1404 1437
3730 3707
9436 9369
3385 3424
9020 8952
5468 5587
5130 5064
6414 6403
8229 8067
6903 7018
4328 4394
4020 3946
9354 9276
8952 9092
3756 3718
1274 1308
2429 2385
197 193
4670 4763
2652 2729
1254 1193
3234 3289
6903 7010
8091 8035
6714 6925
6497 6563
7065 7244
9840 9972
7546 7414
7331 7444
7272 7403
5873 5782
8227 8067
1709 1637
3398 3539
4974 4932
1274 1276
878 851
5159 5064
939 900
9610 9538
3071 3000
4744 4800
1131 1174
6403 6432
8035 8078
7545 7728
7272 7406
3501 3398
9731 9538
6083 6165
1193 1225
4868 4933
1707 1772
4748 4857
448 440
2953 3025
7213 7351
586 568
9538 9782
7029 7179
4876 4863
716 695
9792 9538
2310 2237
7639 7545
1923 1979
9538 9740
7029 7081
9595 9538
9276 9337
8759 8498
900 947
8127 8279
3319 3350
6516 6497
4223 4286
8952 9148
861 792
5286 5235
1221 1193
9538 9812
9302 9178
9105 8952
342 370
2628 2679
2754 2788
2504 2571
2815 2754
9178 9307
5991 5875
3970 3879
1584 1604
6103 5955
6098 5955
3566 3659
5468 5579
4522 4490
2359 2329
8389 8485
8481 8389
1301 1274
4223 4294
368 404
6963 6903
3256 3345
7045 7003
7395 7272
7029 7155
7346 7213
6422 6403
2568 2504
2668 2628
4845 4748
8498 8660
3883 3840
5455 5396
4743 4598
7847 8005
164 130
6403 6494
5064 5100
1078 1026
9101 8952
2859 2881
2513 2385
1891 1956
6714 6886
7065 7234
6437 6403
3718 3809
1778 1707
7847 7881
3632 3566
8017 7847
1622 1591
6677 6711
8240 8370
3506 3398
7190 7065
3589 3528
6133 6210
7734 7795
1405 1381
6593 6497
605 636
1777 1707
1313 1274
7618 7545
9276 9364
7331 7506
7847 7956
5597 5629
1471 1529
4340 4272
568 579
5875 5984
9453 9501
862 914
231 241
1160 1131
2362 2329
9453 9530
8764 8498
3101 3191
6013 5875
946 900
6223 6133
7848 7772
3427 3385
5457 5396
3718 3844
8362 8240
5859 5782
1122 1089
3319 3381
2084 2050
9453 9369
9632 9538
6677 6734
3287 3234
322 339
8127 8283
9453 9477
5396 5404
3398 3528
3566 3649
6122 6022
5888 5875
3566 3704
4114 4092
3491 3398
2992 2921
4732 4598
5875 6000
2670 2628
5368 5390
6683 6641
4490 4541
4408 4459
4385 4328
3840 3861
8638 8467
5743 5765
279 304
2500 2385
4683 4598
2596 2625
9538 9732
5875 5989
6971 6903
2196 2190
6133 6224
543 522
8255 8067
7331 7493
8502 8389
1678 1735
1193 1245
6083 6182
3363 3319
5596 5468
8240 8325
4623 4522
9759 9538
1193 1224
41 24
8467 8582
3468 3398
2849 2842
7628 7545
8067 8218
8839 8747
6019 5875
6135 6022
2194 2190
3986 3946
7545 7650
1025 1008
39 57
6403 6479
9453 9550
6743 6677
5875 6018
9025 8952
214 221
3064 3000
8122 8040
5402 5396
6169 6274
5248 5307
20 39
8440 8389
4092 4124
6908 6714
7013 6903
1087 1063
4328 4372
3059 3000
1414 1459
538 504
6350 6337
5235 5271
9453 9505
322 348
5648 5716
1274 1288
376 347
6776 6677
1939 1989
3185 3101
7272 7398
6903 7015
8473 8389
1542 1497
8498 8676
6213 6133
2783 2823
3652 3566
4748 4844
8498 8706
9090 9256
8467 8556
3840 3857
9369 9392
6903 6955
7899 7847
2227 2211
5782 5845
4092 4226
9840 9971
1193 1248
5752 5648
994 961
900 931
8685 8498
3808 3718
7091 7029
6562 6497
7414 7559
3879 3955
5396 5575
8692 8498
4272 4356
721 698
7222 7065
2385 2430
4593 4490
100 110
318 292
1274 1331
7094 7029
8747 8847
3385 3392
3557 3528
2783 2821
8498 8701
677 661
4598 4728
3101 3231
8047 8035
2329 2336
191 171
4868 4927
4092 4115
8752 8498
3974 3879
9369 9449
3070 3110
2921 3001
1274 1277
4070 4107
7414 7558
7212 7065
504 537
207 219
445 440
6497 6602
7213 7282
2779 2754
4091 4021
2067 2043
1933 1891
7414 7528
3566 3679
3642 3566
9787 9538
9561 9538
999 979
5142 5250
6411 6337
181 171
5064 5109
7847 7995
8954 8931
2507 2385
322 337
5875 6052
8315 8240
3228 3263
5782 5848
7011 6903
1747 1678
1385 1359
1278 1274
7847 7957
4201 4092
7003 7026
9369 9437
3319 3367
7029 7172
1464 1414
3505 3398
7331 7447
8253 8067
5225 5142
3567 3528
4096 4021
1089 1114
303 279
2561 2596
1274 1289
7414 7557
7312 7213
4748 4870
5396 5558
5671 5597
9204 8971
1748 1678
3385 3419
6337 6374
4769 4744
5743 5764
6763 6677
8467 8547
4092 4253
4522 4675
5503 5396
798 764
2254 2211
7213 7259
1063 1104
3879 3961
792 852
1637 1728
6169 6325
7414 7539
6965 6903
9925 9840
3234 3292
941 900
7269 7213
6014 5875
554 522
2219 2211
5875 6003
5653 5597
6221 6133
2544 2385
5597 5655
4670 4767
1888 1831
8240 8339
3879 3976
4863 4902
8952 9097
8040 8100
6195 6133
6337 6371
9597 9538
8496 8389
7545 7679
9279 9090
7214 7065
5743 5787
4070 4101
242 231
3798 3718
406 368
792 875
4636 4522
7005 6903
756 724
5064 5111
4070 4109
8040 8140
7749 7688
6257 6169
8904 8747
9315 9178
8852 8946
7847 7944
3849 3718
5782 5829
9564 9538
2596 2605
8747 8874
8747 8876
1788 1707
9741 9538
7028 7003
2717 2751
4659 4522
9763 9538
1135 1131
4043 3946
2632 2596
5324 5248
3519 3398
1798 1784
4235 4092
4092 4156
1026 1073
7199 7065
4439 4408
2783 2829
6166 6247
1400 1381
7496 7594
7772 7827
1026 1075
5875 5944
3286 3234
3151 3070
2136 2159
4172 4092
5648 5714
8127 8271
9086 8952
7272 7391
9094 8952
6445 6403
1960 1891
1891 1936
9538 9719
8467 8534
6903 7007
6198 6133
3848 3908
5955 6119
5875 5948
695 715
5401 5396
1852 1831
5528 5396
9369 9390
5982 5875
1193 1210
8035 8062
2467 2385
9453 9532
4932 4963
4775 4744
4465 4408
5782 5794
5448 5396
985 961
7331 7475
4863 4904
900 954
8286 8127
1971 1891
4522 4671
6315 6169
2156 2178
7704 7545
2248 2211
2350 2329
3398 3385
7924 7847
7372 7272
4490 4566
1554 1497
3398 3504
3166 3070
9538 9807
9840 9871
7065 7202
3266 3228
9191 8971
2095 2125
1292 1274
7847 8034
8836 8747
1256 1193
125 129
4328 4420
6427 6403
6903 7004
4338 4272
5647 5597
6022 6151
1678 1755
3821 3718
1131 1182
3070 3122
6603 6497
7359 7213
7165 7029
9669 9538
4018 3946
4377 4328
368 389
9262 9090
4238 4092
4305 4272
7847 7904
2369 2329
2904 2859
6461 6403
542 522
3753 3718
9 6
5875 5890
922 900
9538 9628
9178 9301
7772 7865
4490 4540
1364 1359
7085 7029
5064 5098
3000 3063
3398 3473
6937 6903
5468 5593
5574 5396
1414 1488
1611 1665
6620 6497
7729 7545
3484 3398
4486 4408
7046 7003
4981 4932
9697 9538
7065 7241
8498 8775
1678 1746
2385 2483
5013 5059
4021 4078
3566 3657
4533 4490
962 900
6403 6488
2569 2504
4735 4598
8747 8922
7331 7502
9538 9635
2066 2043
6569 6636
1474 1414
4272 4309
6514 6497
8389 8408
1619 1591
7414 7543
467 489
3712 3670
4272 4324
322 335
5235 5289
5027 4932
5597 5684
9538 9838
6714 6826
7213 7283
2601 2561
1819 1784
522 566
4334 4272
4588 4490
1471 1501
1274 1353
9158 8971
7844 7772
130 161
9538 9588
7336 7213
8606 8467
5648 5736
6645 6569
9840 9869
4598 4717
2510 2385
2859 2911
5026 4932
9966 9840
3158 3243
8989 8952
7009 6903
8498 8787
5064 5167
5220 5142
7213 7290
6677 6751
6569 6673
8747 8862
90 101
605 622
5692 5597
6022 6123
8368 8240
5939 5875
8344 8240
9355 9276
1158 1131
1831 1894
7688 7757
792 847
4625 4522
2329 2344
866 792
2515 2385
6677 6710
2136 2151
3234 3278
285 251
1891 1974
9060 9216
7545 7726
5396 5507
9688 9538
3528 3553
398 368
9174 8971
9602 9538
2595 2561
90 108
8249 8067
6373 6337
166 130
4098 4273
9538 9704
9218 9060
6425 6403
2953 3028
2717 2764
9721 9538
5490 5396
7272 7421
4192 4092
786 764
5307 5344
5875 5889
1131 1137
8747 8822
4490 4547
4490 4597
3368 3319
574 568
5770 5743
7148 7029
9368 9276
1684 1629
2628 2702
4328 4375
1274 1320
8800 8498
3186 3101
1156 1131
7174 7029
5335 5307
1678 1749
764 810
6169 6313
1831 1914
6933 6903
7772 7825
803 764
1255 1193
6110 5955
4848 4748
8240 8369
8067 8194
6551 6497
1611 1640
2628 2716
989 961
6637 6569
9276 9336
9840 9939
4627 4522
1591 1584
6337 6349
7213 7261
2385 2522
9873 9840
7272 7412
8498 8655
6164 6083
7331 7477
3256 3320
8747 8926
9276 9331
1471 1518
8067 8245
621 605
6497 6542
656 624
851 892
8747 8884
4744 4781
9276 9367
862 907
9672 9538
3881 3840
3782 3718
9840 9968
8467 8519
9366 9276
1026 1056
2958 2921
6569 6662
2062 2043
7430 7331
9780 9538
1193 1229
6940 6903
4223 4279
7029 7068
3566 3684
1274 1303
3840 3858
2921 3007
3951 3879
605 625
2071 2101
9276 9361
671 624
8498 8714
2859 2889
8549 8467
8747 8840
1584 1598
7272 7370
3902 3848
724 763
6497 6580
7029 7090
3398 3517
6022 6145
6469 6403
6451 6403
5875 5949
7240 7065
7171 7029
9373 9276
7272 7377
851 891
5586 5468
7586 7496
3879 3952
8498 8657
775 759
7272 7363
9645 9538
5782 5883
1937 1891
2190 2218
9476 9453
7545 7725
2211 2242
5875 6068
8467 8574
1664 1611
3865 3840
7302 7213
5648 5755
1471 1523
3256 3328
2596 2624
3816 3718
5307 5367
1548 1497
9538 9794
8389 8487
6665 6569
3718 3759
5567 5396
1915 1831
7029 7128
3718 3815
4859 4748
4075 4021
5044 5013
7488 7331
2979 2921
8144 8040
9427 9369
1193 1266
6569 6623
7982 7847
4490 4555
3528 3609
8086 8035
6337 6364
1441 1404
1354 1274
9767 9538
7856 7772
1994 1939
6515 6497
6961 6903
8490 8389
1831 1896
2256 2211
9453 9503
5648 5715
2867 2842
1870 1831
4475 4408
2 4
1611 1659
9962 9840
4748 4825
4092 4229
7029 7108
1442 1404
5634 5597
695 717
1407 1381
1784 1808
8222 8067
522 559
3036 3000
7608 7545
3398 3515
6017 5875
9453 9516
5396 5436
6677 6740
1384 1359
4748 4869
4744 4815
1026 1058
8952 9059
6714 6878
7487 7331
9738 9538
698 749
1 6041
2120 2095
2561 2603
2329 2385
217 207
9255 9090
9434 9369
5288 5235
8148 8040
831 792
1784 1827
4770 4744
3899 3848
4216 4092
4099 4070
8240 8375
8467 8524
1784 1791
1414 1456
4490 4508
4272 4357
2866 2842
5307 5349
4947 4928
3608 3528
7029 7167
3417 3385
7545 7721
5618 5597
3000 3082
2416 2385
6585 6497
8361 8240
8428 8389
345 322
5013 5063
3765 3718
7485 7331
6337 6361
7876 7847
7734 7785
1904 1831
6133 6246
7804 7734
4490 4501
6903 6992
3860 3840
7545 7672
6428 6403
8835 8747
7739 7545
1471 1499
2136 2155
1891 1948
5782 5877
6721 6677
6028 5875
2562 2504
9922 9840
3879 3946
4748 4856
3547 3528
7375 7272
9781 9538
39 50
5396 5460
4092 4215
4923 4868
6169 6286
10000 9840
5142 5199
6903 6936
8308 8240
2859 2878
2136 2095
5291 5235
3507 3398
1637 1712
9369 9388
2606 2596
6903 7016
1380 1359
4584 4490
9453 9472
7272 7390
83 77
6337 6351
2783 2837
2237 2319
4092 4233
1176 1131
4070 4103
900 937
1026 1076
7752 7688
3503 3398
1976 1891
2898 2859
5468 5605
7500 7331
5660 5597
6497 6561
3879 3966
7496 7576
1637 1694
8930 8747
3718 3797
9559 9453
4932 5030
3946 3987
1392 1359
8952 9083
3891 3840
6101 5955
6124 6022
7847 7963
20 28
4272 4303
2717 2765
7563 7414
6133 6185
8390 8389
7773 7734
6403 6446
5234 5142
2652 2742
2043 2048
3718 3755
1260 1193
2211 2264
322 346
1381 1401
7847 7877
1193 1230
7552 7414
8683 8498
183 171
3566 3701
4989 4932
7847 7941
522 547
5782 5830
3528 3624
7839 7772
8015 7847
5396 5444
2025 1939
7772 7829
9841 9538
9840 9952
7064 7003
5875 6058
1611 1641
504 535
8794 8498
7522 7414
7065 7215
1691 1637
3005 2921
792 826
4691 4598
3256 3331
3556 3528
1190 1131
3234 3291
9947 9840
5124 5064
6775 6677
4490 4557
3084 3000
6714 6916
5955 6095
4969 4932
7496 7600
5875 5994
8870 8747
9880 9840
9313 9178
6403 6454
8579 8467
5409 5396
1556 1497
2783 2835
5215 5142
2639 2628
7496 7599
9538 9651
8127 8276
4092 4167
251 284
292 306
5875 5911
2385 2420
4408 4463
1996 1939
4863 4911
1973 1891
8116 8040
4272 4321
3873 3840
9538 9709
6527 6497
3528 3599
6159 6083
504 524
3700 3566
9276 9380
7331 7450
7847 7931
6714 6876
521 504
4863 4891
61 77
1189 1131
7178 7029
4021 4064
7029 7151
4410 4328
3070 3118
7623 7545
2343 2329
2628 2673
6497 6525
8747 8902
4681 4522
4522 4664
3840 3886
5064 5161
9538 9653
1062 1026
4524 4490
3576 3528
5597 5621
4932 5023
4707 4598
8067 8198
6022 6137
508 504
7891 7847
154 130
6802 6714
90 107
7648 7545
8099 8040
5860 5782
7213 7323
782 759
6576 6497
6896 6714
3195 3101
251 256
9535 9453
522 549
5222 5142
9344 9276
4574 4490
8127 8302
9090 9265
6244 6133
594 573
2702 2747
1784 1795
4951 4932
8456 8389
2095 2150
5726 5648
2664 2628
8971 9179
1606 1584
873 792
3720 3707
4553 4490
2701 2628
1131 1157
1829 1784
1592 1584
4408 4445
9784 9538
2941 2921
9006 8952
9453 9522
5396 5530
292 314
9965 9840
4245 4092
1661 1611
4522 4679
7003 7033
764 807
7401 7272
2385 2404
3047 3000
2421 2385
792 825
8819 8747
5875 6049
2271 2211
2452 2385
3946 4046
4928 4868
2954 2921
4408 4451
4328 4376
9150 8952
1249 1193
6233 6133
5955 6105
4490 4517
6714 6803
3558 3528
4490 4535
3361 3319
3398 3463
1187 1131
1227 1193
5468 5594
5875 6011
5836 5782
7819 7734
6571 6497
3344 3256
4444 4408
5844 5782
2527 2385
3528 3593
20 19
4450 4408
1645 1611
6204 6133
5396 5544
90 106
522 540
5013 5086
2989 2921
4461 4408
498 467
6669 6569
1678 1756
8467 8525
6714 6844
7119 7029
4720 4598
8167 8040
5782 5837
4455 4408
8363 8240
4490 4608
599 573
4653 4522
5597 5696
2190 2204
2921 2936
3670 3709
792 830
7545 7644
7742 7545
1891 1928
5563 5396
2211 2252
168 130
3070 3101
4310 4272
2777 2754
4408 4472
7331 7501
8240 8389
2095 2119
3337 3256
3461 3398
2798 2754
3000 3041
4868 4924
8127 8289
3840 3854
905 862
2842 2863
573 595
8346 8240
4868 4931
6162 6083
6777 6677
4748 4841
3322 3256
9538 9834
9453 9521
8971 9163
3194 3101
322 332
5142 5242
7029 7135
9942 9840
7213 7327
6337 6353
1715 1637
6714 6882
6903 6943
3834 3718
9519 9453
3699 3566
89 82
6942 6903
7847 7922
238 250
6677 6769
3848 3904
2717 2760
2448 2385
6660 6569
7569 7414
6903 6945
5523 5396
5064 5147
4092 4119
1471 1503
368 399
9826 9538
6771 6677
1637 1708
9146 8952
2763 2717
7797 7734
6166 6083
8984 8931
4748 4861
6534 6497
661 690
4490 4537
8498 8671
7065 7232
8664 8498
9178 9308
504 506
1404 1431
5064 5158
8747 8939
2504 2566
6903 6985
4723 4598
5539 5396
3620 3528
8799 8498
6486 6403
125 131
8040 8102
362 342
1889 1831
5743 5758
2754 2783
900 951
4033 3946
8156 8040
4307 4272
522 565
1008 1022
9584 9538
4378 4328
5468 5603
5782 5869
9840 9967
9228 9060
3767 3718
3486 3398
7717 7545
5875 5983
3968 3879
7481 7331
2848 2842
5492 5396
7029 7136
9979 9840
5420 5396
792 853
880 851
2857 2842
42 38
1584 1610
1338 1274
342 367
438 431
5064 5146
4548 4490
7331 7467
3882 3840
6555 6497
4408 4446
5597 5680
8127 8295
1611 1639
6022 6146
8040 8106
7847 7920
900 957
3511 3398
255 251
1615 1584
3799 3718
1359 1368
7847 8025
759 781
2859 2929
9840 9859
8187 8067
1789 1784
1497 1569
1871 1831
2401 2385
6789 6714
8251 8067
862 899
111 109
8246 8067
7847 7990
3319 3360
8747 8882
5299 5248
2628 2715
6959 6903
2147 2095
1008 1035
3925 3879
9633 9538
5396 5571
5071 5013
6903 6999
3973 3879
251 270
4750 4670
8385 8240
1831 1917
9276 9369
4529 4490
6879 6714
368 400
7847 7993
956 900
8195 8067
759 773
7029 7146
7847 7919
1727 1637
2385 2537
7566 7414
6714 6851
3027 2953
5064 5173
1026 1070
2385 2441
2050 2077
3711 3670
9276 9321
2905 2859
5235 5285
4928 4940
8498 8724
5056 5013
970 961
1026 1045
4277 4223
698 742
7002 6903
8067 8201
6569 6664
1939 2018
4912 4863
1678 1757
8192 8067
7213 7272
8952 9122
8467 8616
1150 1131
410 368
5597 5682
5955 6073
1568 1583
7508 7331
8952 9066
4397 4328
3385 3420
5745 5648
3718 3770
851 888
1026 1065
2417 2385
4748 4834
4744 4811
8240 8331
4868 4932
8467 8554
1274 1335
3256 3302
5782 5821
2050 2093
5702 5597
6263 6169
8467 8645
3070 3170
6714 6815
5940 5875
568 581
2628 2699
4464 4408
8747 8860
6403 6435
1127 1089
9111 8952
7869 7772
6714 6796
8467 8619
1815 1784
4326 4272
3319 3347
1923 1983
9851 9538
9276 9340
2754 2717
9178 9316
8677 8498
7231 7065
6641 6692
7657 7545
4571 4490
8033 7847
2754 2785
3566 3697
1611 1655
7054 7003
7964 7847
3311 3256
9619 9538
2325 2237
4440 4408
7415 7272
9538 9671
1897 1831
9538 9783
2278 2211
6714 6915
7003 7036
7545 7732
1336 1274
4598 4684
5396 5417
8394 8389
7822 7772
7847 7905
378 347
9416 9369
5235 5269
8415 8389
6569 6629
1370 1359
1010 979
1601 1584
8467 8552
7841 7772
1939 2010
8243 8067
2921 2994
207 216
7847 7955
2329 2237
1200 1151
7847 7973
9799 9538
8051 8035
8081 8035
2628 2676
9974 9840
5609 5468
4328 4370
7065 7204
9538 9769
7847 7896
6537 6497
2220 2211
960 967
6903 6960
8040 8097
5248 5320
8035 8057
8312 8240
8067 8202
9933 9840
4567 4490
4863 4908
9615 9538
8838 8747
4092 4169
342 363
4062 3946
3000 3052
659 624
2648 2628
3179 3101
8971 9162
1939 1995
1131 1169
1089 1119
9345 9276
9840 9957
3256 3342
7496 7585
8028 7847
1383 1359
5013 5055
3385 3453
1611 1654
7078 7029
3718 3784
9840 9936
193 203
681 661
1809 1784
8971 9202
7400 7272
7029 7181
4932 4984
573 589
1181 1131
7635 7545
1568 1497
1192 1151
2534 2385
4272 4317
764 812
9260 9090
9892 9840
3241 3158
7414 7526
3398 3472
7565 7414
1763 1707
440 475
1471 1509
3942 3879
7859 7772
4369 4328
5013 5072
1250 1193
6305 6169
4932 4959
3718 3785
4417 4328
5142 5194
3252 3228
8498 8653
8317 8240
9506 9453
4668 4522
3149 3070
605 620
6714 6921
416 408
7331 7489
9538 9823
3441 3385
4308 4272
7029 7132
8467 8555
2542 2385
9464 9369
3566 3637
6993 6903
9149 8952
2203 2190
6022 6148
1414 1477
9538 9581
4171 4092
1089 1113
568 580
9090 9283
1780 1707
2859 2885
8498 8801
3946 4007
4928 4937
1678 1750
3941 3879
7688 7745
1471 1505
5064 5126
3718 3824
724 766
764 785
8104 8040
7213 7313
6714 6823
8913 8747
6677 6719
1784 1833
4997 4932
5231 5142
6736 6677
4744 4794
4092 4137
8747 8871
5368 5393
7029 7113
8467 8528
177 171
8021 7847
2745 2702
9136 8952
9941 9840
3982 3946
7545 7699
9944 9840
3385 3404
490 467
3275 3234
3658 3566
440 464
193 206
322 336
440 474
7545 7707
4887 4863
3234 3267
792 863
1864 1831
3101 3189
6323 6169
8307 8240
9538 9785
3575 3528
9377 9276
4143 4092
7003 7053
8747 8897
2472 2385
4098 4070
573 593
7029 7117
7734 7782
408 431
9538 9847
9090 9284
4217 4092
214 225
4170 4092
8971 9169
8240 8311
9538 9717
7643 7545
4747 4598
7354 7213
7772 7826
6337 6377
5597 5687
6714 6853
2136 2164
10 7
8498 8755
199 193
7272 7386
2314 2237
2859 2915
6254 6169
792 829
2717 2749
4176 4092
2141 2095
8747 8827
7364 7272
9981 9840
6714 6833
2590 2561
7847 7937
3842 3718
1625 1591
3718 3792
7438 7331
2241 2211
8240 8342
1423 1404
3398 3499
5150 5064
7847 7903
4383 4328
987 961
1274 1332
8561 8467
1784 1805
3277 3234
3946 4044
6337 6410
2385 2423
8484 8389
9090 9295
8476 8389
5743 5760
4306 4272
971 961
6094 5955
5479 5396
7472 7331
698 735
3070 3104
7029 7098
531 504
760 724
8719 8498
342 364
3259 3228
2652 2721
6433 6403
7958 7847
429 408
4151 4092
1831 1855
9655 9538
5875 5965
3158 3246
9195 8971
8430 8389
7043 7003
5590 5468
4408 4491
8580 8467
2576 2504
1426 1404
1891 1944
5780 5743
4408 4482
9840 9991
8389 8442
4092 4260
7127 7029
5251 5142
623 605
6714 6814
1843 1784
4408 4462
2974 2921
7180 7029
5875 6002
8533 8467
189 171
7331 7449
1019 1008
2950 2921
9453 9553
7545 7614
3332 3256
2977 2921
8971 9172
2628 2650
3879 3953
8498 8717
3522 3398
9538 9696
489 502
5875 5917
6903 6949
8952 9031
9680 9538
5396 5435
61 64
5927 5875
4916 4863
3707 3725
4823 4748
1001 979
3528 3549
1026 1069
9520 9453
5782 5835
1274 1295
1972 1891
1595 1584
885 851
1943 1891
897 851
8814 8747
3256 3336
8498 8668
8067 8203
292 321
692 661
504 519
4408 4489
8450 8389
4932 4972
6004 5875
1024 1008
1359 1390
2266 2211
4670 4753
5074 5013
5560 5396
9167 8971
6259 6169
211 200
8723 8498
9258 9090
1766 1707
7213 7299
9453 9526
8163 8040
3685 3566
8498 8696
8747 8927
368 401
6676 6569
4490 4515
7331 7496
9017 8952
8498 8771
4901 4863
8389 8504
8389 8488
9538 9833
3879 3964
3256 3327
1026 1038
1399 1381
8748 8498
7272 7366
2001 1939
1939 1988
7158 7029
5014 4932
4952 4932
279 288
365 342
1784 1799
8682 8498
6903 6928
2211 2265
2524 2385
6978 6903
4751 4670
4920 4863
6760 6677
5441 5396
5211 5142
1016 1008
6770 6677
1707 1764
9978 9840
4873 4863
3666 3566
6038 5875
9839 9538
8849 8747
172 137
4492 4408
9125 8952
6903 6952
1356 1274
3051 3000
3957 3879
8796 8498
11 7
5897 5875
5921 5875
5005 4932
7690 7545
5142 5210
9995 9840
6903 6966
2329 2381
9245 9090
7331 7495
1811 1784
4793 4744
125 132
7272 7387
26 19
7029 7147
5396 5561
8094 8035
9659 9538
3469 3398
7029 7095
9567 9538
9777 9538
9369 9385
7847 7999
1026 1055
3691 3566
587 568
6228 6133
2156 2188
4490 4536
1939 2015
5396 5524
5708 5597
7003 7032
5396 5470
6569 6649
2628 2681
862 910
5396 5421
2921 2945
7545 7708
5036 5013
4744 4777
1924 1891
2638 2628
764 808
6359 6337
6178 6083
3914 3879
3070 3158
5819 5782
5064 5125
4521 4490
7828 7772
1891 1975
6642 6569
8389 8461
4519 4490
2277 2211
6023 5875
3840 3859
1699 1637
2329 2374
7243 7065
3879 3932
414 408
7545 7665
6255 6169
4223 4287
2385 2503
9593 9538
9090 9267
8852 8948
4932 5018
5114 5064
4987 4932
5079 5013
4166 4092
1678 1742
8067 8237
7060 7003
1588 1568
9538 9825
4223 4291
624 668
8971 9166
5782 5856
1611 1638
3528 3570
9538 9616
2934 2859
4829 4748
9538 9748
5473 5396
9369 9439
7059 7003
7331 7469
3718 3830
5875 5962
3900 3848
3840 3863
6403 6442
4879 4863
4629 4522
6497 6617
2630 2596
2840 2783
9453 9528
6922 6714
8224 8067
9538 9700
1274 1333
5403 5396
1831 1882
8240 8381
1891 1966
6911 6714
7003 7050
9538 9793
2095 2142
9538 9620
8783 8498
5095 5064
4136 4092
3566 3635
1784 1822
9858 9840
4863 4893
4428 4328
9060 9227
7331 7473
7847 7970
2414 2385
7349 7213
2232 2211
2949 2921
3346 3256
279 301
1831 1860
7836 7772
2702 2746
8649 8498
3101 3202
3445 3385
5468 5396
7213 7339
7613 7545
8498 8746
2095 2117
2247 2211
5901 5875
9130 8952
8666 8498
214 226
9044 8952
6133 6225
1326 1274
3696 3566
6714 6910
9123 8952
5782 5815
7847 7949
1414 1478
5922 5875
6714 6813
7003 7040
6403 6429
8389 8497
3946 4027
7921 7847
7065 7220
8240 8380
4021 4083
2365 2329
516 504
2237 2327
1026 1049
2674 2628
2211 2237
6497 6512
1578 1567
8952 9090
8747 8890
8498 8663
4092 4252
2251 2211
5011 4932
932 900
3843 3718
2556 2504
3317 3256
8981 8931
2859 2875
927 900
3548 3528
8293 8127
9032 8952
9095 8952
2043 2052
7331 7499
2504 2555
4612 4522
5468 5589
5875 6029
7084 7029
7545 7645
1490 1414
7308 7213
4051 3946
1707 1761
3946 4037
8601 8467
2392 2385
9276 9324
2596 2612
4598 4703
3750 3718
1151 1198
3718 3787
7814 7734
698 746
1568 1587
695 703
9840 9916
5974 5875
7000 6903
3443 3385
4680 4522
8244 8067
2267 2211
3911 3848
3641 3566
1710 1637
5910 5875
8952 9128
7272 7378
7545 7743
2572 2504
2385 2550
2190 2205
1611 1668
7392 7272
2921 2969
8952 9099
8067 8207
8269 8127
6403 6487
2095 2148
8082 8035
5115 5064
8146 8040
900 935
82 93
4412 4328
7966 7847
4673 4522
2930 2859
5592 5468
6741 6677
7225 7065
4932 4966
900 930
8469 8389
170 130
5368 5398
8483 8389
7066 7003
4672 4522
6370 6337
6835 6714
6569 6650
1925 1891
8350 8240
5064 5123
9178 9306
3739 3718
274 251
8636 8467
6762 6677
1590 1568
5396 5453
5184 5064
2933 2859
605 633
4744 4790
379 347
9096 8952
1274 1285
3528 3615
9538 9788
706 695
9398 9369
7139 7029
1584 1596
6328 6169
3946 3985
9840 9969
3777 3718
5357 5307
3743 3718
986 961
7997 7847
7860 7772
45 38
6974 6903
8467 8564
9090 9275
7029 7126
2386 2385
3033 3000
2259 2211
6169 6260
4430 4328
1831 1913
7609 7545
8846 8747
3718 3737
2645 2628
2599 2561
1414 1463
5449 5396
1884 1831
9840 9888
1026 1047
9538 9726
3070 3134
5597 5679
6569 6632
1611 1643
1559 1497
8467 8615
7810 7734
9538 9832
7029 7100
7946 7847
6606 6497
2741 2652
3528 3628
4603 4490
7358 7213
6903 6968
6169 6317
8067 8205
1831 1867
1939 2011
9996 9840
6133 6220
6022 6144
534 504
4863 4890
368 397
5064 5192
4490 4544
792 857
4744 4797
4490 4510
6352 6337
4272 4322
123 115
2504 2586
7938 7847
390 368
8389 8404
6169 6321
2783 2825
9985 9840
5454 5396
9090 9253
2366 2329
8570 8467
1831 1863
8747 8861
5875 5954
1744 1678
193 204
6085 5955
5043 5013
4999 4932
8267 8067
7550 7414
1193 1252
8389 8447
5952 5875
1688 1629
3822 3718
6495 6403
5389 5368
2184 2156
5248 5317
3528 3592
5145 5064
2385 2389
2092 2050
1831 1912
5557 5396
5235 5282
3334 3256
5761 5743
8389 8411
794 764
4272 4311
408 415
9369 9423
1089 1117
9735 9538
8747 8867
4744 4805
7460 7331
2895 2859
9840 9990
1666 1611
2385 2511
2190 2211
8845 8747
6871 6714
4598 4718
5928 5875
3566 3676
8931 8958
3614 3528
504 511
661 679
9538 9638
7516 7414
3718 3751
4578 4490
9113 8952
3768 3718
1891 1922
2397 2385
1637 1704
2156 2175
4614 4522
2973 2921
7035 7003
8747 8936
1611 1584
8240 8384
4704 4598
4070 4106
9760 9538
8643 8467
4047 3946
1348 1274
5237 5142
7671 7545
3398 3483
7847 7994
8747 8809
4490 4523
6497 6582
6497 6591
1831 1902
8467 8567
1678 1737
1131 1152
2932 2859
5142 5206
3398 3485
3766 3718
1784 1849
9984 9840
8389 8422
2211 2268
140 175
1026 1082
8703 8498
9538 9703
9206 8971
8038 7847
8035 8092
6569 6497
2754 2800
6714 6854
2859 2872
7847 8003
5235 5283
605 591
4490 4554
9335 9276
5919 5875
1337 1274
5386 5368
3528 3554
5597 5638
2628 2711
4638 4522
292 317
6749 6677
5688 5597
4471 4408
8931 8980
3848 3893
4556 4490
8435 8389
2842 2855
6403 6459
4485 4408
8622 8467
4932 4965
2594 2561
5875 5900
3938 3879
4036 3946
4092 4021
8037 7847
5632 5597
8931 8964
7554 7414
9691 9538
440 461
6031 5875
7783 7734
1097 1063
6249 6166
4863 4899
7847 7892
2814 2754
7910 7847
6947 6903
1939 1992
5198 5142
9090 9263
5368 5376
9058 8952
3459 3398
7948 7847
624 669
2754 2811
5307 5358
3398 3526
8044 7847
7272 7399
522 568
1905 1831
4513 4490
331 322
9840 9860
5162 5064
964 960
1611 1636
9184 8971
231 243
2028 1939
6497 6544
3791 3718
4328 4411
8067 8197
2627 2596
6584 6497
5570 5396
6083 6177
1131 1132
5396 5445
5875 5934
1602 1584
2385 2413
5597 5665
1274 1282
2769 2754
7545 7685
7029 7154
7266 7213
7812 7734
171 179
1196 1151
1395 1359
7331 7439
7688 7747
5597 5667
1241 1193
3956 3879
6842 6714
8747 8907
641 624
6258 6169
8805 8498
9840 9929
9890 9840
5064 5134
6214 6133
8498 8678
8127 8301
1414 1489
5307 5365
2003 1939
2859 2935
5342 5307
9557 9453
3528 3618
5172 5064
4522 4657
130 145
9487 9453
5406 5396
417 408
4598 4708
4418 4328
9276 9363
1193 1222
2154 2136
4730 4598
9060 9229
8952 9002
2718 2652
5648 5731
6811 6714
2385 2462
4598 4741
4223 4284
1891 1962
171 190
2731 2652
368 391
9840 9956
8290 8127
1151 1203
1201 1151
6497 6558
1642 1611
2921 2996
3256 3313
3550 3528
3528 3596
9840 9905
5064 5189
5374 5325
2398 2385
1629 1681
394 368
493 467
4403 4328
292 309
8035 8056
9043 8952
7270 7213
3718 3804
9538 9725
3946 4048
1923 1984
1139 1131
7607 7545
2592 2561
4522 4667
591 604
605 617
6714 6885
4272 4333
5741 5648
7065 7194
3946 4040
997 979
7332 7213
9803 9538
1891 1935
7772 7849
9958 9840
7681 7545
9433 9369
470 440
3840 3856
582 568
491 467
7545 7615
5955 6112
3143 3070
3192 3101
1530 1471
9090 9282
4328 4371
8018 7847
9338 9276
6022 6142
5743 5786
7331 7436
2095 2128
4038 3946
8240 8345
9347 9276
9045 8952
3884 3840
5212 5142
1066 1026
7847 7954
6033 5875
9840 9928
9369 9413
5597 5662
1471 1504
2907 2859
5396 5424
9060 9212
9538 9755
3032 3000
1978 1923
2385 2508
5513 5396
3280 3234
6677 6708
3566 3660
7213 7314
5673 5597
7056 7003
6133 6235
5368 5400
6856 6714
2110 2071
4744 4796
4092 4152
6173 6083
5388 5368
4092 4163
5248 5302
522 561
4953 4932
3043 3000
1943 2030
9538 9791
6342 6256
4744 4804
864 792
3998 3946
8952 9098
1678 1743
6569 6621
4092 4120
2921 2955
3934 3879
2628 2709
1008 1014
247 231
1026 1068
1998 1939
820 764
2004 1939
8952 9072
3349 3319
4021 4065
712 695
2071 2106
6238 6133
3713 3670
2991 2921
5235 5254
8679 8498
7678 7545
7847 7932
4569 4490
5396 5467
9840 9907
8498 8659
9744 9538
7980 7847
6438 6403
142 130
764 809
7736 7545
6497 6520
8035 8050
440 443
6738 6677
3374 3319
777 759
6497 6560
634 605
2095 2135
5846 5782
2787 2754
8757 8498
3817 3718
2921 2943
3718 3835
1386 1359
8852 8950
31 20
685 661
3718 3823
1414 1452
4950 4932
7247 7213
1858 1831
3946 3981
4863 4903
6133 6211
8498 8647
4932 4958
5597 5670
8831 8747
9800 9538
2481 2385
4648 4522
3673 3566
1831 1907
1538 1497
4655 4522
8035 8054
122 115
8498 8654
4021 4079
5918 5875
1471 1507
7545 7691
5064 5112
6404 6337
8498 8772
9356 9276
322 344
8879 8747
5468 5585
5766 5743
9538 9775
5906 5875
322 352
4408 4452
4816 4744
4938 4928
2130 2095
7601 7496
8445 8389
5875 5961
7088 7029
5597 5695
9491 9453
1626 1591
1497 1544
253 238
9538 9723
2805 2754
1678 1740
8651 8498
2822 2783
4381 4328
1603 1584
7551 7414
9538 9652
6337 6348
5013 5076
7051 7003
792 841
4328 4414
8389 8420
9850 9538
9278 9090
2504 2570
6222 6133
342 372
1435 1404
9107 8952
6301 6169
3319 3355
5611 5468
3406 3385
9453 9514
5064 5160
1831 1868
2628 2706
8658 8498
1568 1589
4203 4092
2200 2190
7414 7514
3070 3099
6133 6230
3385 3437
5482 5396
9547 9453
6677 6714
7331 7464
3631 3566
5648 5727
9538 9749
961 991
8232 8067
5648 5713
9460 9369
551 522
3101 3213
2261 2211
2156 2183
9820 9538
2842 2851
182 171
9590 9538
251 238
7414 7567
9369 9463
1044 1026
2921 2962
3754 3718
6728 6677
7640 7545
9201 8971
5648 5746
6471 6403
6337 6394
4522 4670
2463 2385
4817 4748
7632 7545
4250 4092
5396 5505
3228 3258
9538 9583
1916 1831
3 6
1388 1359
9776 9538
6639 6569
9381 9276
7755 7688
4898 4863
3397 3385
4028 3946
1175 1131
6587 6497
3772 3718
1932 1891
3946 4003
5142 5195
8971 9187
5307 5364
5630 5597
8952 9089
4379 4328
449 440
8067 8268
39 52
3460 3398
3718 3801
2455 2385
8589 8467
3528 3623
1611 1633
7321 7213
347 373
5875 5987
7451 7331
3718 3803
536 504
2338 2329
20 37
6057 5875
6170 6083
1274 1286
9582 9538
8650 8498
811 764
8468 8389
4602 4490
7734 7789
4092 4241
6497 6536
6714 6841
8040 8105
171 194
1584 1614
4092 4212
5013 5084
2071 2098
1006 979
5279 5235
2435 2385
2628 2647
3038 3000
4522 4618
1675 1611
2043 2054
9012 8952
4140 4092
1584 1618
5013 5053
3050 3000
9234 9060
2842 2870
8221 8067
440 447
380 347
7112 7029
9453 9537
5875 5895
3718 3775
342 355
7197 7065
1497 1558
1183 1131
8747 8872
4888 4863
1637 1721
2022 1939
8070 8035
1026 1054
8747 8931
4272 4342
2554 2385
8959 8931
2237 2312
8952 9124
1026 1074
9687 9538
8170 8040
7065 7226
5875 6022
4701 4598
5597 5620
6497 6564
381 347
5142 5239
1679 1629
7939 7847
7769 7734
1891 1950
3466 3398
5597 5669
5461 5396
3500 3398
4522 4640
7331 7446
9840 9940
3600 3528
8119 8040
77 80
6133 6218
5955 6118
61 74
7229 7065
6824 6714
8747 8909
2095 2131
4670 4756
2466 2385
8498 8661
8816 8747
5396 5531
426 408
5497 5396
3101 3198
7003 7030
8584 8467
9494 9453
6677 6753
1964 1891
8531 8467
3094 3000
8498 8743
3000 3069
8127 8284
360 342
5517 5396
4425 4328
6724 6677
9538 9625
9840 9889
3319 3351
9840 9982
2000 1939
5396 5476
6236 6133
3735 3707
7734 7772
9658 9538
1359 1379
8040 8139
7847 7895
7029 7121
8429 8389
5875 5920
4049 3946
4776 4744
9932 9840
9538 9607
6920 6714
1274 1357
6261 6169
5050 5013
9036 8952
6619 6497
5396 5480
3840 3875
1414 1487
1891 1959
9840 9870
6702 6677
9753 9538
3850 3840
8971 9175
6337 6382
3398 3525
1514 1471
2921 2987
8644 8467
3718 3762
7575 7496
9538 9643
48 39
4560 4490
6867 6714
9071 8952
3080 3000
4748 4840
3111 3070
8366 8240
6006 5875
50 58
8388 8240
7824 7772
858 792
1813 1784
6714 6898
8357 8240
2095 2145
4620 4522
3566 3651
893 851
1193 1235
1678 1738
5875 6012
9747 9538
3646 3566
5142 5233
6403 6417
9182 8971
5064 5118
3101 3220
4258 4092
3718 3831
125 128
2693 2628
8503 8389
4867 4748
5064 5176
1784 1846
4199 4092
6215 6133
4092 4242
8498 8690
9178 9312
5248 5306
624 646
3783 3718
7847 7972
1551 1497
19 25
6845 6714
789 764
7003 7061
1021 1008
1954 1891
4863 4882
2377 2329
1943 2031
9879 9840
8040 8150
3415 3385
6453 6403
4907 4863
9221 9060
7213 7338
1831 1851
6818 6714
8747 8812
6403 6484
698 734
8329 8240
8035 8079
2373 2329
4092 4158
2828 2783
8414 8389
9538 9603
9276 9346
5314 5248
8971 9189
7272 7383
2582 2504
3380 3319
9771 9538
2385 2519
6714 6806
3781 3718
8131 8040
9369 9429
6944 6903
193 198
4754 4670
3057 3000
444 440
851 889
7847 7989
467 486
3946 4060
6372 6337
5619 5597
9369 9399
5142 5248
5541 5396
3879 3929
2329 2375
7646 7545
3528 3590
1637 1698
5468 5604
8536 8467
7213 7248
2921 2963
8449 8389
5142 5219
5396 5459
7496 7577
5597 5668
6071 5955
7357 7213
8389 8474
4408 4442
6090 5955
5956 5875
70 61
7201 7065
8952 9129
8747 8818
9538 9565
7688 7760
8387 8240
8215 8067
4862 4748
4744 4772
3718 3845
3718 3813
3000 3049
4480 4408
50 59
5648 5728
9393 9369
2309 2237
8498 8718
1784 1816
9840 9949
1629 1683
3398 3541
9840 9887
6677 6712
7039 7003
8067 8217
9751 9538
1561 1497
4249 4092
2291 2211
2302 2237
6267 6169
1842 1784
3000 3065
8747 8912
1310 1274
6337 6397
4932 4957
2156 2176
8545 8467
1891 1921
553 522
8498 8736
585 568
4092 4191
6677 6757
6169 6327
6903 6954
9369 9465
9379 9276
2037 1943
4831 4748
1471 1525
2628 2697
3133 3070
4092 4145
895 851
7213 7328
961 981
7847 7883
3946 4056
3319 3375
2692 2628
8402 8389
7029 7130
7578 7496
7734 7798
961 974
2136 2152
7340 7213
3670 3717
7044 7003
4522 4649
8952 9103
3256 3228
3160 3070
5875 5947
9322 9276
3650 3566
5468 5584
5648 5597
4408 4490
6611 6497
9076 8952
4759 4670
7065 7205
3718 3793
2431 2385
2043 2056
5439 5396
7331 7435
1121 1089
9352 9276
3319 3348
4092 4147
7014 6903
1831 1906
3398 3489
187 171
34 20
8464 8389
5462 5396
1193 1268
522 573
4562 4490
6827 6714
147 130
7734 7806
7960 7847
5858 5782
298 279
5062 5013
9538 9710
624 644
9538 9796
1726 1637
3039 3000
1873 1831
5013 5057
7967 7847
9636 9538
4021 4068
7832 7772
8045 7847
9292 9090
9112 8952
3316 3256
8747 8820
8917 8747
8952 9070
1027 1008
3225 3101
4092 4202
9060 9219
5875 6055
6890 6714
8971 9171
4598 4742
5429 5396
944 900
5898 5875
4522 4665
5033 4932
8467 8550
2497 2385
2876 2859
3430 3385
5411 5396
9673 9538
290 279
200 209
9085 8952
2628 2654
2754 2771
7730 7545
3407 3385
2628 2649
8747 8928
5597 5646
2921 2988
212 200
7734 7777
7213 7258
4522 4660
9090 9286
4719 4598
6358 6337
2732 2652
2652 2628
1497 1565
431 440
4749 4598
7545 7682
8559 8467
3070 3167
5396 5553
5469 5396
7189 7065
7951 7847
6863 6714
2684 2628
5663 5597
8067 8242
1497 1552
5838 5782
8233 8067
6419 6403
4748 4598
6852 6714
5235 5294
6064 5875
2717 2652
124 115
3718 3828
257 251
7545 7738
2504 2565
6714 6793
7411 7272
4424 4328
8467 8558
2426 2385
1358 1274
4863 4913
2739 2652
2808 2754
2029 1939
2213 2190
9840 9867
9474 9453
39 49
6713 6677
2504 2558
8562 8467
9453 9540
8971 9199
5796 5782
8971 9198
5955 6092
1792 1784
6919 6714
8392 8389
1920 1891
2993 2921
7838 7772
8656 8498
9538 9649
3249 3228
9183 8971
8389 8505
695 704
6480 6403
1475 1414
3150 3070
6663 6569
6363 6337
9877 9840
3689 3566
764 801
1274 1302
7667 7545
661 695
8931 8957
38 46
1318 1274
8240 8328
4330 4272
6199 6133
1707 1771
2754 2813
3304 3256
8744 8498
851 898
6893 6714
6296 6169
2921 3011
9453 9554
6326 6169
4744 4812
2717 2757
7029 7149
7213 7279
3385 3446
2385 2505
4490 4572
9538 9708
6403 6502
2921 2976
5451 5396
3707 3728
8931 8968
5468 5599
9074 8952
5782 5813
2886 2859
5235 5262
8498 8716
6311 6169
2596 2609
2095 2140
2361 2329
2842 2858
8952 9087
3946 4012
1294 1274
1547 1497
4223 4274
5368 5392
7688 7545
386 347
9752 9538
5465 5396
6569 6679
266 251
97 90
7331 7428
1193 1237
7140 7029
6008 5875
5725 5648
5966 5875
7545 7706
5468 5588
3752 3718
2385 2504
2182 2156
8389 8498
4421 4328
8145 8040
5782 5867
3212 3101
8498 8777
4441 4408
5468 5578
7596 7496
5639 5597
6133 6217
709 695
4928 4943
6074 5955
7288 7213
5957 5875
8467 8512
3802 3718
2560 2504
1414 1460
7847 7965
9538 9827
5248 5326
7847 7977
9369 9459
4328 4429
6729 6677
5414 5396
2596 2628
4539 4490
5894 5875
7442 7331
4546 4490
654 624
5875 5963
8728 8498
489 504
9177 8971
9490 9453
4300 4272
1238 1193
6684 6641
9538 9835
418 408
6714 6812
6903 6988
8413 8389
1071 1026
3101 3184
6694 6641
4711 4598
9160 8971
2602 2561
6497 6574
2237 2324
8747 8877
4748 4863
9538 9808
7893 7847
90 82
1584 1616
5235 5264
7213 7280
2156 2179
9538 9453
7462 7331
7274 7213
1521 1471
5651 5597
3244 3158
6282 6169
8572 8467
7414 7529
5978 5875
7847 7969
6703 6677
9544 9453
6497 6539
583 568
6277 6169
8389 8489
4240 4092
1359 1369
1359 1366
3879 3913
8067 8263
1269 1193
7847 7908
3494 3398
5396 5572
1831 1859
9365 9276
695 720
8952 9060
5117 5064
312 292
4157 4092
8093 8035
218 207
724 761
9093 8952
3930 3879
8498 8735
5396 5546
5013 5077
7368 7272
3946 4002
8467 8630
7213 7249
8747 8943
7847 8007
7029 7144
9831 9538
1545 1497
1434 1404
4132 4092
2767 2717
3879 3920
1236 1193
9743 9538
3256 3333
4387 4328
2842 2845
5407 5396
8689 8498
7770 7734
1497 1571
7331 7437
7251 7213
3695 3566
7029 7003
5597 5664
591 600
2385 2520
3551 3528
5351 5307
2329 2345
2984 2921
2211 2283
3379 3319
2321 2237
3879 3921
350 322
3528 3588
1947 1891
11 16
1557 1497
5152 5064
8398 8389
2506 2385
4601 4490
8914 8747
3253 3228
7580 7496
3398 3498
3528 3560
9090 9280
7414 7555
1716 1637
3238 3158
9190 8971
193 202
5709 5597
9453 9486
2596 2613
8681 8498
81 77
8067 8178
2967 2921
4223 4297
3879 3936
7915 7847
7722 7545
7604 7545
6569 6646
8646 8498
1429 1404
5875 5914
1359 1371
928 900
6569 6641
7772 7837
5485 5396
3840 3879
6240 6133
2454 2385
3070 3172
7456 7331
1414 1465
292 324
6192 6133
613 591
9090 9248
7125 7029
5500 5396
2744 2652
9276 9330
6403 6473
2795 2754
7847 7897
792 838
7331 7484
6022 6127
6883 6714
3000 3068
2356 2329
4495 4490
4380 4328
5850 5782
792 854
6403 6439
4731 4598
9453 9525
2012 1939
5955 6106
8326 8240
3398 3458
9604 9538
5929 5875
2071 2107
4744 4810
292 319
6573 6497
8972 8931
942 900
2456 2385
8560 8467
54 61
9496 9453
7688 7750
9090 9252
2149 2095
3872 3840
1952 1891
3714 3670
5769 5743
1142 1131
1497 1541
1497 1560
3385 3411
9938 9840
8498 8648
5081 5013
6565 6497
3101 3217
3398 3516
1193 1242
2036 1943
3234 3298
8729 8498
130 148
6778 6714
4932 4983
7272 7396
9878 9840
6140 6022
61 72
8035 8055
9276 9339
6497 6533
5078 5013
3272 3234
5025 4932
8810 8747
2095 2112
311 292
6983 6903
7029 7073
9480 9453
5875 6021
6138 6022
4092 4231
5875 5977
8952 9100
4828 4748
2806 2754
1342 1274
823 792
9538 9594
6596 6497
4113 4070
1118 1089
7029 7159
765 724
7268 7213
3566 3636
77 79
7413 7272
3612 3528
171 188
1623 1591
6652 6569
9276 9360
9011 8952
7143 7029
442 440
2628 2704
4320 4272
6497 6529
6569 6677
7213 7293
6385 6337
7696 7545
3478 3398
5875 5937
9369 9462
4748 4830
4272 4301
2799 2754
4590 4490
4758 4670
2224 2211
6605 6497
5806 5782
2546 2385
6133 6197
6005 5875
7772 7834
764 813
6001 5875
6546 6497
6624 6569
7927 7847
9987 9840
1784 1838
7414 7545
4095 4021
2095 2132
8491 8389
1498 1414
3398 3495
8240 8353
9293 9090
9711 9538
9693 9538
9765 9538
7107 7029
3946 4058
769 724
710 695
1274 1297
6354 6337
3705 3566
9644 9538
8223 8067
4677 4522
2754 2784
6269 6169
918 900
8514 8467
7213 7353
5606 5468
2085 2050
7517 7414
3385 3448
171 185
424 408
6403 6457
3103 3070
8067 8236
5396 5405
2082 2050
3702 3566
6116 5955
6403 6462
6172 6083
673 624
1381 1403
7029 7114
3566 3647
9369 9440
6369 6337
6794 6714
7545 7636
5352 5307
1637 1711
2783 2843
6929 6903
7734 7545
186 171
8467 8625
2043 2049
4932 4995
8498 8758
4405 4328
6403 6493
7347 7213
3840 3851
9840 9918
1517 1471
4642 4522
5021 4932
82 92
7133 7029
1274 1327
8389 8495
2311 2237
7923 7847
764 783
8158 8040
112 109
8240 8371
368 388
624 650
2493 2385
9369 9447
4328 4408
4855 4748
2803 2754
2596 2623
5135 5064
2980 2921
2190 2198
8182 8067
8952 9042
1404 1433
6022 6126
4316 4272
979 1005
4328 4407
6169 6308
3042 3000
8538 8467
8971 9181
7414 7519
4392 4328
6 8
2921 2948
7331 7465
8040 8123
5783 5743
2728 2652
61 76
1193 1253
5597 5686
315 292
4832 4748
2754 2789
8173 8040
5235 5284
969 961
6569 6640
411 368
7772 7823
8952 9034
9844 9538
3879 3940
4021 4066
9986 9840
2596 2616
4932 4992
4522 4622
6714 6846
9587 9538
3319 3384
435 431
9090 9276
7065 7236
2050 2076
9453 9552
4932 5034
9276 9358
6569 6681
8952 9028
698 730
2446 2385
4871 4748
1089 1128
384 347
2033 1943
3385 3431
2211 2275
2548 2385
1562 1497
233 214
5743 5775
5067 5013
3598 3528
2628 2690
5083 5013
5955 6078
4932 5006
7633 7545
6903 6972
5232 5142
5623 5597
3211 3101
1891 1961
6653 6569
7535 7414
9369 9426
833 792
7761 7695
6070 5875
193 208
5396 5519
5975 5875
3425 3385
3537 3398
5737 5648
4100 4070
2385 2492
3528 3581
8389 8397
1651 1611
1414 1495
6552 6497
7097 7029
7453 7331
6714 6850
8337 8240
3862 3840
6212 6133
8747 8842
3398 3462
7224 7065
8010 7847
9109 8952
4180 4092
5522 5396
9420 9369
6545 6497
6627 6569
3234 3285
2657 2628
4021 4077
7099 7029
6143 6022
2437 2385
1381 1359
436 431
4490 4538
3542 3398
8843 8747
9369 9461
5782 5851
3447 3385
9065 8952
4936 4928
6714 6786
7093 7029
5396 5502
1939 2020
9618 9538
961 979
2237 2318
3 2
6497 6614
7711 7545
7792 7734
472 440
7847 7930
8389 8431
9349 9276
2957 2921
2473 2385
8164 8040
2211 2253
3000 3081
3879 3935
3385 3421
7213 7255
9840 9994
2297 2237
1760 1707
2477 2385
1299 1274
3356 3319
1131 1143
8952 9030
6441 6403
588 573
4639 4522
504 522
1929 1891
3000 3079
6975 6903
3946 4041
2921 2953
7170 7029
5597 5676
4934 4928
2006 1939
4744 4808
7802 7734
9692 9538
4932 5012
5782 5833
4599 4490
2094 2050
7331 7482
4328 4382
8952 8991
7331 7425
6628 6569
5733 5648
4490 4573
7116 7029
5368 5395
7504 7331
8128 8040
9538 9804
3496 3398
7612 7545
9369 9457
1359 1365
791 764
792 850
4896 4863
1008 1031
2900 2859
2391 2385
9629 9538
5743 5789
2246 2211
4328 4433
7106 7029
4932 4986
2385 2411
7847 7959
1008 1015
8931 8976
2504 2564
6677 6723
5013 5069
1883 1831
165 130
3101 3229
1147 1131
1831 1886
6903 7008
3988 3946
9695 9538
5613 5597
1831 1903
8498 8754
4328 4398
774 759
6497 6601
4932 4991
9369 9442
6709 6677
1098 1063
1689 1629
2754 2786
9811 9538
6169 6266
3580 3528
4272 4302
2136 2160
3559 3528
6115 5955
5782 5831
4021 4073
4456 4408
5626 5597
5875 6045
1394 1359
4336 4272
7683 7545
9772 9538
7361 7272
9217 9060
5468 5600
2385 2458
5325 5375
6914 6714
522 562
6497 6594
292 307
2300 2237
698 741
359 342
7687 7545
9075 8952
9538 9570
1611 1652
5840 5782
8971 9159
99 90
961 978
7213 7271
7545 7649
5181 5064
6337 6400
3168 3070
3385 3426
5648 5734
3234 3284
2754 2768
9297 9178
3070 3157
698 728
5238 5142
1566 1497
3432 3385
3825 3718
8850 8747
2717 2759
3158 3247
3989 3946
1151 1194
7227 7065
7402 7272
4400 4328
6403 6489
2628 2698
5248 5304
1138 1131
9269 9090
3163 3070
8952 9023
3410 3385
9538 9712
7173 7029
6821 6714
5875 5959
6498 6403
6169 6322
2156 2177
3000 3072
1831 1910
3566 3640
2237 2323
1611 1663
3667 3566
4092 4232
2475 2385
6689 6641
5085 5013
6206 6133
6926 6714
5675 5597
2628 2651
8067 8219
1707 1769
7947 7847
5875 5973
6063 5875
4598 4722
8700 8498
130 155
7847 8006
3092 3000
5677 5597
1831 1899
929 900
329 292
2628 2672
4748 4846
7322 7213
5534 5396
4598 4692
6202 6133
9538 9568
5013 5048
3513 3398
4092 4118
5757 5743
9467 9369
900 926
591 601
4092 4223
7704 7767
4490 4559
3398 3544
9727 9538
8747 8824
1083 1026
3223 3101
440 457
6398 6337
8035 8072
3946 4005
8467 8571
482 442
3972 3879
3060 3000
4299 4272
2258 2211
8949 8852
7096 7029
1404 1381
4092 4185
6687 6641
792 822
960 968
9538 9598
1535 1471
8040 8113
1274 1329
3265 3228
909 862
5101 5064
214 232
523 504
8040 8137
3256 3315
8189 8067
2074 2050
14 19
8952 9139
2385 2489
9538 9746
8952 9106
4522 4663
9802 9538
66 61
9453 9539
591 611
2127 2095
8000 7847
5396 5498
5875 5996
2050 2043
5782 5805
7029 7183
4272 4339
5321 5248
5955 6077
7221 7065
5474 5396
727 698
8747 8920
7979 7847
6583 6497
3136 3070
5431 5396
8951 8852
6524 6497
624 643
8212 8067
7545 7719
8498 8792
1629 1686
1940 1891
1404 1432
2859 2884
6714 6861
6677 6765
1414 1453
7111 7029
6083 6183
908 862
7213 7292
7616 7545
5782 5820
2063 2043
9976 9840
5066 5013
292 310
3416 3385
5334 5307
504 518
6569 6680
3582 3528
9369 9421
6337 6408
7847 7914
6304 6169
1414 1485
3698 3566
3000 3097
193 207
249 238
6169 6256
6256 6337
2919 2859
6540 6497
4928 4942
635 605
1869 1831
8348 8240
4473 4408
2438 2385
2071 2103
4255 4092
5174 5064
1090 1063
792 835
3656 3566
8467 8565
1923 1985
6083 6179
1131 1159
949 900
3148 3070
2587 2504
8498 8745
7104 7029
5396 5416
1425 1404
4641 4522
7069 7029
9592 9538
7803 7734
745 698
2313 2237
4994 4932
7213 7333
9674 9538
328 292
3070 3146
9168 8971
792 856
3444 3385
5997 5875
6150 6022
9241 9090
1077 1026
236 214
9090 9268
8597 8467
8035 8067
1274 1290
2593 2561
1092 1129
871 792
2346 2329
3718 3779
4092 4117
9060 9220
862 912
1611 1660
2385 2418
5875 6024
1471 1528
1193 1267
6677 6742
8952 9114
1048 1026
6169 6083
3950 3879
7272 7397
7847 7900
674 658
4500 4490
5235 5257
6865 6714
2504 2579
1151 1202
7213 7341
2859 2873
4740 4598
9370 9276
5031 4932
1359 1376
9232 9060
3530 3398
7486 7331
7641 7545
2385 2526
3879 3923
5064 5105
5842 5782
1454 1414
9538 9656
5091 5013
2221 2211
4868 4748
4021 4072
4525 4490
3954 3879
8900 8747
6677 6715
6677 6727
7593 7496
8931 8986
5807 5782
6497 6543
5024 4932
8389 8500
5064 5132
125 137
3773 3718
2504 2573
4598 4738
2385 2541
8511 8389
8257 8067
2754 2791
2975 2921
8952 9132
5013 5045
7414 7532
7031 7003
7756 7688
5290 5235
1420 1404
6510 6497
9797 9538
6125 6022
7272 7374
624 605
6714 6807
6772 6677
3566 3643
7733 7545
1891 1927
6714 6834
23 19
7688 7759
8823 8747
3703 3566
222 214
2859 2903
1193 1216
9538 9702
4328 4415
501 467
1700 1637
7913 7847
1106 1063
9510 9453
4404 4328
6256 6334
3707 3722
2921 2965
5782 5870
8175 8067
2921 2956
6677 6730
4996 4932
3070 3141
3106 3070
110 119
3916 3879
1939 2007
2695 2628
9369 9431
1734 1678
8254 8067
7065 7207
2897 2859
5064 5092
7573 7496
327 292
2596 2608
7277 7213
3852 3840
2156 2181
302 279
3000 3095
8688 8498
2882 2859
6631 6569
3840 3878
9538 9639
9090 9242
3234 3299
130 143
5597 5642
1892 1831
6714 6837
4328 4272
1033 1008
5881 5782
6644 6569
2652 2727
3385 3428
9009 8952
9155 8971
6714 6888
6641 6693
8467 8620
5142 5224
9453 9498
648 624
1943 2034
6678 6569
2783 2820
4932 4967
963 960
171 178
2244 2211
8240 8067
4354 4272
9840 9865
9090 9270
6903 6980
9369 9452
8521 8467
9538 9714
7213 7356
5740 5648
3528 3573
666 624
5064 5179
9453 9500
1414 1450
2144 2095
2385 2551
7246 7213
1753 1678
3070 3162
6426 6403
7651 7545
9060 9214
2287 2211
1404 1424
4490 4568
8214 8067
7734 7788
7545 7605
6022 6149
32 20
2865 2842
9453 9534
9090 9288
4789 4744
342 357
4502 4490
7847 7971
2422 2385
440 451
5826 5782
6509 6497
5722 5648
356 342
7213 7324
1831 1875
2385 2501
8931 8962
8002 7847
8530 8467
5782 5884
6714 6816
1943 2039
2043 1943
4329 4272
2553 2385
5999 5875
2237 2331
6169 6309
8563 8467
4092 4220
1725 1637
9290 9090
3158 3248
368 342
7918 7847
5396 5518
6020 5875
6714 6840
6403 6474
125 130
2628 2688
4915 4863
8931 8982
1414 1467
6641 6691
9276 9320
906 862
347 322
915 862
90 103
7213 7319
6547 6497
8722 8498
6569 6634
9538 9637
7065 7239
757 724
3076 3000
8498 8684
1831 1856
1361 1274
5597 5627
8389 8406
343 322
3946 4034
3000 3067
5142 5249
1274 1304
4748 4852
9813 9538
3396 3385
4092 4211
4272 4345
7414 7525
7213 7301
9090 9266
2859 2899
8040 8129
5817 5782
6756 6677
5875 5913
1273 1193
5464 5396
6016 5875
8127 8298
4177 4092
2217 2190
952 900
2237 2316
9840 9909
440 471
5396 5501
1414 1482
3528 3555
8389 8421
9451 9369
8498 8674
265 251
8467 8529
7847 7936
6337 6367
9538 9818
7545 7653
1193 1239
5779 5743
354 322
7545 7731
7187 7065
467 488
7545 7664
2043 2068
3101 3199
4086 4021
1359 1377
8407 8389
2129 2095
2328 2237
4526 4490
3398 3527
1274 1306
4092 4256
5704 5597
5864 5782
9533 9453
3523 3398
6357 6337
9243 9090
7764 7704
6133 6200
408 427
7272 7407
522 546
1502 1471
5315 5248
5426 5396
8365 8240
8467 8612
6035 5875
4243 4092
6079 5955
8486 8389
1611 1650
5396 5562
2485 2385
2842 2853
3385 3450
8498 8711
4706 4598
8767 8498
9549 9453
9536 9453
263 251
764 800
2862 2842
2921 2968
4737 4598
5782 5882
8498 8694
2883 2859
9027 8952
3002 2921
6468 6403
54 39
7882 7847
6641 6697
7847 8014
2783 2832
8012 7847
4932 5019
4092 4228
2173 2156
2997 2921
251 272
7734 7817
2043 2060
6569 6667
1497 1570
1026 1072
5767 5743
2953 3023
8811 8747
8240 8322
7219 7065
6216 6133
6504 6403
849 792
2385 2405
9060 9213
911 862
5955 6081
591 607
292 320
3931 3879
7734 7768
6986 6903
1637 1703
1151 1199
2892 2859
393 368
9276 9362
4928 4945
8389 8466
5396 5450
5872 5782
1063 1109
3075 3000
4863 4875
1584 1607
5955 6093
818 764
5955 6120
5263 5235
6403 6467
1095 1063
7331 7459
1629 1591
9068 8952
3661 3566
6378 6337
8768 8498
1724 1637
8607 8467
6132 6022
8297 8127
814 764
610 591
5235 5281
2585 2504
6022 6155
6744 6677
4721 4598
4670 4755
3239 3158
2211 2288
5075 5013
7101 7029
6714 6784
7524 7414
6356 6337
5064 5128
5849 5782
4223 4296
7872 7847
1594 1584
292 326
5064 5138
7917 7847
5707 5597
2754 2796
8240 8377
3566 3639
4408 4467
3120 3070
1340 1274
3271 3234
3535 3398
3488 3398
1631 1591
6531 6497
4015 3946
5142 5236
5875 5931
8747 8858
4744 4784
6714 6924
2329 2363
5308 5248
5396 5463
5396 5577
933 900
5798 5782
2095 2139
5979 5875
3319 3387
4490 4592
8825 8747
3566 3688
573 590
1831 1918
7029 7123
1274 1305
2931 2859
3566 3663
5943 5875
3319 3385
2754 2812
1404 1419
4092 4248
3201 3101
4092 4144
3736 3707
8258 8067
6265 6169
6714 6884
3814 3718
8790 8498
7983 7847
430 408
8575 8467
7800 7734
6133 6194
440 476
60 54
6903 6941
8118 8040
333 322
1695 1637
2385 2434
8999 8952
5013 5051
1412 1404
5953 5875
3435 3385
8382 8240
6114 5955
1483 1414
2385 2486
2596 2621
9919 9840
4092 4208
2528 2385
2385 2538
3101 3230
2403 2385
369 342
5458 5396
4724 4598
1088 1063
6739 6677
2385 2440
569 522
4097 4070
4223 4275
9231 9060
2072 2050
3729 3707
3939 3879
8952 9026
8427 8389
8856 8747
5875 5930
1991 1939
9538 9577
1696 1637
2043 2057
6677 6755
2296 2237
1274 1352
5204 5142
1028 1008
117 110
8952 9024
7213 7253
1154 1131
4676 4522
1585 1568
7791 7734
3227 3101
6497 6588
7591 7496
8040 8124
5013 5065
4348 4272
4328 4384
9902 9840
4247 4092
7772 7853
8594 8467
3879 3933
2921 2951
7688 7751
2190 2210
4351 4272
5601 5468
6506 6497
6892 6714
5995 5875
9047 8952
8747 8807
1026 1057
3464 3398
7429 7331
698 726
4328 4413
2051 2043
1629 1676
7835 7772
8971 9180
8240 8367
1167 1131
2596 2614
8869 8747
2628 2687
4223 4298
1497 1563
1707 1786
9538 9764
9840 9896
8067 8234
6403 6497
8136 8040
6677 6752
9276 9353
3101 3210
6714 6869
5015 4932
6141 6022
7021 6903
3946 4061
5875 5981
4761 4670
8035 8077
3155 3070
4928 4941
3718 3832
8952 9084
6810 6714
2944 2921
408 368
7562 7414
7700 7545
4598 4696
7238 7065
4081 4021
5396 5564
7213 7257
5142 5207
4678 4522
1706 1637
2842 2854
5834 5782
8747 8852
7734 7796
8240 8336
5312 5248
6714 6902
624 660
8747 8837
440 467
3234 3297
7847 8043
2597 2561
8740 8498
2108 2071
5891 5875
5336 5307
522 550
695 705
5013 5049
3256 3308
1831 1911
4778 4744
7213 7284
113 109
9458 9369
9250 9090
7468 7331
3180 3101
6836 6714
2874 2859
5529 5396
4863 4906
3946 4032
5307 5355
9276 9382
3879 3965
9504 9453
5142 5209
8016 7847
5064 5102
4223 4280
5559 5396
1193 1259
2652 2733
3829 3718
7213 7291
6392 6337
9369 9456
3385 3434
6717 6677
7213 7245
8467 8516
9840 9934
522 564
8304 8240
9341 9276
5799 5782
2478 2385
520 504
1211 1193
467 499
6566 6497
7595 7496
4932 4954
392 368
408 432
4610 4522
5064 5177
9538 9630
2211 2225
3256 3321
6750 6677
6256 6340
77 84
1258 1193
9543 9453
591 614
6953 6903
9386 9369
6450 6403
6436 6403
4925 4868
1898 1831
2970 2921
8617 8467
2211 2223
3101 3178
214 235
2136 2169
6934 6903
5643 5597
1307 1274
4092 4221
8899 8747
900 862
1831 1784
976 961
5875 5970
5142 5205
900 938
1092 1063
9276 9359
8467 8576
7772 7857
9276 9357
662 624
694 661
7688 7748
1026 1008
8154 8040
1274 1324
7213 7330
3359 3319
2032 1943
819 764
2385 2425
440 462
3093 3000
3319 3256
3879 3948
9082 8952
3188 3101
4932 4998
8498 8710
3566 3686
6133 6205
8931 8985
9840 9954
4092 4149
3455 3385
6169 6285
4631 4522
7029 7086
2245 2211
7847 7875
6677 6732
4598 4734
8952 8994
5328 5307
7414 7547
2730 2652
7545 7727
8467 8566
5368 5385
5396 5569
1168 1131
6154 6022
5597 5674
7847 7926
6877 6714
7545 7740
2111 2095
8412 8389
4512 4490
7424 7331
9309 9178
5875 6036
3006 2921
4932 4970
7029 7138
3718 3800
6641 6688
6281 6169
1637 1693
8747 8901
7071 7029
1637 1719
7414 7549
2385 2531
8498 8789
904 862
4932 4968
8319 8240
6705 6677
5782 5803
3528 3606
3566 3670
2750 2717
6279 6169
8632 8467
1414 1493
2163 2136
3514 3398
5295 5235
9192 8971
4697 4598
1893 1831
2514 2385
7404 7272
9840 9861
2842 2861
2596 2634
8030 7847
2234 2211
9538 9773
2211 2260
4227 4092
4522 4658
2432 2385
9007 8952
4476 4408
2628 2678
5743 5768
1802 1784
8035 8049
6448 6403
5841 5782
214 231
7561 7414
9538 9801
9397 9369
4092 4153
2504 2577
6714 6801
4088 4021
3101 3200
6022 6131
3946 3996
6704 6677
351 322
4328 4365
2802 2754
7029 7082
2990 2921
2333 2329
8808 8747
5387 5368
3969 3879
8067 8239
851 882
1404 1439
5333 5307
1923 1986
9238 9090
5060 5013
6491 6403
8127 8277
4928 4946
7545 7634
9822 9538
1567 1576
2050 2071
7847 7996
3101 3216
8498 8766
6034 5875
3879 3924
8952 9077
1209 1193
3101 3196
4023 3946
3838 3718
8174 8040
2652 2724
8389 8501
3718 3846
5366 5307
7065 7203
3566 3674
5875 5971
4605 4490
1939 2019
3385 3400
568 576
2211 2289
7821 7772
2938 2921
9739 9538
1131 1162
8165 8040
17 14
4154 4092
2700 2628
1841 1784
8240 8310
3101 3206
3319 3364
7574 7496
9208 8971
1497 1543
4092 4214
3508 3398
7847 7884
7545 7693
47 39
6903 7017
8498 8742
77 78
4272 4313
6169 6297
5337 5307
5396 5410
5396 5552
3224 3101
1891 1919
9453 9488
8498 8727
2596 2636
7854 7772
4685 4598
9538 9845
8372 8240
3984 3946
874 792
8952 9056
5484 5396
1891 1939
2504 2584
5875 5976
8608 8467
2329 2337
4932 4978
2190 2207
1741 1678
3208 3101
8967 8931
4318 4272
7331 7422
591 615
4819 4748
8747 8944
4092 4219
377 347
1825 1784
1125 1089
1707 1782
5648 5742
8088 8035
5307 5339
6169 6276
729 698
2902 2859
1312 1274
4092 4139
6677 6758
5096 5064
7213 7343
4643 4522
5140 5064
1414 1468
4126 4092
7779 7734
6903 7020
9538 9761
5773 5743
1707 1768
3261 3228
3303 3256
961 973
8467 8543
724 767
6490 6403
3325 3256
1584 1600
5597 5705
3013 2921
6714 6847
5013 5087
228 214
5636 5597
6714 6918
9538 9683
642 624
1131 1161
7808 7734
1637 1718
934 900
4780 4744
5037 5013
7029 7162
5396 5447
3319 3370
7598 7496
6714 6912
1891 1942
3718 3738
6677 6737
8462 8389
7545 7631
6128 6022
4932 5001
4092 4134
4484 4408
5735 5648
7553 7414
4748 4821
7065 7230
120 110
4026 3946
8747 8832
7003 7034
2561 2598
1943 2045
2095 2116
130 144
4092 4165
9538 9642
3528 3574
1414 1451
1026 1064
2766 2717
5433 5396
2611 2596
6714 6860
884 851
8498 8751
8702 8498
3398 3545
8040 8110
4161 4092
877 851
6903 6951
442 483
6015 5875
1339 1274
1359 1374
1678 1736
4744 4801
5456 5396
6389 6337
591 606
3718 3795
4868 4929
3138 3070
1240 1193
2754 2793
8883 8747
9538 9729
2355 2329
1089 1126
2783 2833
480 440
7003 7055
4633 4522
3566 3678
5960 5875
2628 2637
140 130
8389 8460
1270 1193
4409 4328
4490 4565
6799 6714
591 603
4186 4092
5368 5384
9538 9855
8925 8747
4189 4092
7029 7074
8498 8779
1471 1533
4705 4598
691 661
20 29
5597 5694
2387 2385
9698 9538
5307 5363
1751 1678
6557 6497
4490 4534
1831 1853
5142 5247
6107 5955
4098 4266
90 102
9538 9626
7213 7260
4748 4838
5064 5155
4408 4457
6291 6169
1637 1702
8841 8747
3915 3879
618 605
6403 6464
9538 9624
7772 7864
9317 9178
5955 6082
6903 6987
9230 9060
6521 6497
9512 9453
6121 6022
2561 2591
6044 5875
6133 6234
3528 3619
5396 5438
5875 5892
4092 4197
7331 7503
9555 9453
2295 2237
5782 5811
8467 8522
5782 5878
7075 7029
8747 8873
130 159
1707 1758
1637 1720
4490 4514
9998 9840
7272 7389
8815 8747
9538 9694
7907 7847
3653 3566
1754 1678
6503 6403
1404 1444
9276 9323
6817 6714
9538 9648
7847 7902
3171 3070
522 563
6088 5955
4035 3946
3910 3848
5771 5743
6243 6133
5597 5701
2095 2118
294 279
8241 8067
9432 9369
231 245
8952 9041
110 115
9840 9908
8085 8035
6443 6403
3273 3234
9276 9371
2607 2596
5875 5980
2121 2095
1931 1891
3101 3204
698 740
5468 5581
1316 1274
8931 8961
2653 2628
8446 8389
4851 4748
5635 5597
234 214
1131 1155
4961 4932
6497 6577
9453 9556
5875 5945
8931 8983
6256 6332
3732 3707
6335 6256
6714 6780
9538 9601
5042 5013
305 279
2953 3022
8803 8498
9369 9450
4335 4272
3963 3879
3879 3947
1831 1881
5533 5396
8747 8910
8444 8389
2561 2600
4272 4332
6903 6981
4272 4346
4092 4254
2859 2890
4328 4399
6714 6858
3528 3577
5200 5142
3061 3000
7867 7772
4956 4932
9453 9473
7408 7272
4057 3946
3070 3121
1866 1831
605 626
7145 7029
8324 8240
3083 3000
3228 3257
8067 8204
3990 3946
5486 5396
6391 6337
567 522
7065 7193
7984 7847
7545 7661
7388 7272
8467 8577
4021 4070
6569 6666
2193 2190
1471 1531
7065 7185
2628 2660
7847 8019
7228 7065
7847 7909
8747 8857
7531 7414
6485 6403
8096 8040
1891 1926
5064 5093
6152 6022
5993 5875
8364 8240
6292 6169
7065 7208
3293 3234
6677 6718
2136 2153
2669 2628
4328 4423
1193 1257
9840 9960
2385 2490
7124 7029
9538 9654
4469 4408
2504 2563
8228 8067
9857 9538
61 67
2504 2583
5013 5073
465 440
5142 5228
62 54
8095 8035
7496 7602
3319 3378
2754 2794
3234 3279
8952 9055
7772 7870
9239 9090
5013 5041
6714 6873
6938 6903
4863 4895
9080 8952
7496 7579
7868 7772
764 788
2329 2379
6923 6714
7272 7382
837 792
7847 7886
5408 5396
879 851
3848 3892
1880 1831
8952 9153
3158 3232
5875 6062
4700 4598
9237 9060
485 467
9538 9684
7688 7746
4545 4490
1131 1144
7545 7703
8467 8631
4932 4993
7695 7762
2095 2133
3707 3733
3319 3354
4932 5035
4744 4786
4598 4698
7252 7213
15 11
2088 2050
2372 2329
2385 2394
4364 4328
251 286
759 771
496 467
8747 8916
2211 2228
1108 1063
1291 1274
7476 7331
5396 5550
3716 3670
69 61
1611 1634
4960 4932
8040 8133
2499 2385
3978 3879
8467 8581
5186 5064
3898 3848
8040 8134
2850 2842
9538 9578
4122 4092
698 725
8162 8040
6331 6256
6100 5955
5468 5610
1131 1178
8273 8127
8389 8395
7847 7950
8296 8127
5307 5356
7862 7772
3235 3158
7213 7286
5782 5855
8852 8947
3319 3366
4263 4098
3806 3718
3000 3087
5064 5013
5967 5875
5301 5248
6677 6735
1624 1591
3385 3456
193 171
7458 7331
4092 4213
3946 4009
5932 5875
2816 2754
8498 8786
9050 8952
6859 6714
6903 6997
5491 5396
8035 8080
2172 2136
1131 1145
7272 7416
8906 8747
4522 4674
2043 2053
7466 7331
125 138
6903 6970
9470 9453
687 661
9273 9090
61 73
9391 9369
9369 9401
3070 3000
7029 7102
3847 3718
1923 1980
3718 3796
8438 8389
4092 4236
2755 2717
4021 4067
5142 5243
7597 7496
6714 6795
7545 7680
2069 2043
5064 5171
1593 1584
8040 8161
545 522
900 919
9538 9560
4408 4448
7175 7029
5332 5307
2921 3016
6232 6133
4105 4070
1471 1515
1512 1471
1707 1767
3946 4019
723 698
2190 2209
4932 5004
8467 8627
9558 9453
2162 2136
9369 9468
3760 3718
4092 4259
6982 6903
322 341
8389 8478
9254 9090
4748 4837
9538 9611
1804 1784
5142 5235
7772 7820
3566 3645
5814 5782
8747 8821
872 792
9538 9853
316 292
2134 2095
9517 9453
2646 2628
9453 9502
9868 9840
8971 9173
4466 4408
7065 7242
5828 5782
2439 2385
7206 7065
6497 6575
1469 1414
3048 3000
3078 3000
3228 3254
7326 7213
1404 1416
8067 8199
4237 4092
5703 5597
6996 6903
5955 6080
3977 3879
77 82
8040 8101
1298 1274
6190 6133
3161 3070
9538 9612
724 755
7414 7556
9849 9538
6805 6714
9946 9840
5235 5266
3718 3790
8952 9021
6083 6174
2754 2804
9840 9915
8457 8389
6133 6227
467 495
7342 7213
4406 4328
7029 7168
4092 4239
2385 2402
40 20
9757 9538
7772 7858
9369 9435
4522 4662
4070 4110
9276 9350
6413 6403
3997 3946
5739 5648
6048 5875
8181 8067
160 130
6022 6136
115 121
5554 5396
9481 9453
6133 6193
4868 4926
4092 4198
7581 7496
2285 2211
3070 3173
5875 5924
6133 6201
7538 7414
896 851
2095 2113
3617 3528
8795 8498
3107 3070
5908 5875
5955 6113
3319 3352
984 961
2952 2921
7029 7176
3967 3879
6298 6169
6569 6630
5743 5762
3958 3879
5719 5648
624 652
2740 2652
4268 4098
238 214
4768 4670
2233 2211
9606 9538
7847 8024
8240 8386
7414 7527
9538 9627
8389 8506
7704 7763
4932 5022
5853 5782
2211 2240
1844 1784
3398 3465
9882 9840
8467 8518
6677 6764
7496 7589
5875 5936
698 751
653 624
2211 2273
1180 1131
3000 3056
8747 8885
5396 5504
322 338
2953 3020
5307 5360
7480 7331
8971 9205
8127 8299
3918 3879
262 251
9443 9369
5565 5396
6133 6186
8135 8040
8067 8226
4932 4982
859 792
4922 4868
9369 9407
9814 9538
5000 4932
100 90
3066 3000
7298 7213
8747 8828
3848 3909
9376 9276
7847 7952
3391 3385
6714 6788
1131 1136
2243 2211
5782 5875
5039 5013
4314 4272
5248 5311
8067 8190
702 695
292 330
9327 9276
8498 8733
3980 3946
4251 4092
7734 7807
5875 6053
8747 8898
8259 8067
3690 3566
6251 6166
4621 4522
8956 8931
5377 5368
9538 9675
5955 6102
5875 5986
4173 4092
9964 9840
1026 1084
6682 6641
9178 9298
5235 5273
8971 9176
251 275
2329 2339
7496 7584
3707 3670
8971 9203
8498 8734
533 504
3848 3894
2385 2395
4146 4092
6337 6405
6420 6403
5316 5248
9733 9538
7625 7545
696 661
4468 4408
605 619
6171 6083
695 708
3398 3521
7545 7670
3000 3086
322 349
5064 5103
4798 4744
3946 4011
1568 1584
7929 7847
3563 3528
8467 8578
3274 3234
7855 7772
3602 3528
6714 6899
3566 3644
979 1012
3744 3718
977 961
8829 8747
2167 2136
2095 2126
3668 3566
5743 5784
6569 6671
7196 7065
2385 2447
279 293
5396 5508
7029 7110
9682 9538
2628 2683
6166 6250
8211 8067
9840 9862
2353 2329
9369 9422
7847 7985
7331 7491
1414 1470
9599 9538
6881 6714
5142 5230
7847 7901
2021 1939
3670 3710
1567 1573
2238 2211
5362 5307
9538 9605
4200 4092
515 504
5369 5325
2937 2921
1375 1359
9538 9842
5235 5287
8639 8467
3946 4059
8753 8498
5545 5396
796 764
3245 3158
9931 9840
3840 3889
4102 4070
9384 9276
4408 4477
2385 2494
5293 5235
3564 3528
467 492
2859 2917
6133 6189
6659 6569
4295 4223
979 1000
2059 2043
2686 2628
2263 2211
8498 8732
7674 7545
3840 3880
3786 3718
6306 6169
9115 8952
9369 9414
624 665
2628 2712
6568 6497
1497 1550
6748 6677
403 368
5396 5542
2574 2504
8675 8498
591 609
2844 2783
3000 3058
1171 1131
8931 8979
5191 5064
792 845
7847 7871
8686 8498
7545 7694
6108 5955
2971 2921
9029 8952
3528 3621
4689 4598
1151 1193
2575 2504
6830 6714
900 959
6497 6570
993 961
1943 2038
5368 5399
714 695
5235 5270
1784 1707
695 713
738 698
2842 2783
5419 5396
7414 7536
5875 6059
7003 6903
8027 7847
7213 7273
8905 8747
4427 4328
5548 5396
624 664
2071 2105
3070 3100
7457 7331
6256 6341
5597 5699
2488 2385
3371 3319
1669 1611
851 883
3413 3385
8040 8141
6256 6336
5413 5396
5296 5248
2298 2237
440 450
7545 7735
7545 7715
7029 7131
7029 7122
4935 4928
7847 7981
3655 3566
6421 6403
3992 3946
9948 9840
6076 5955
9895 9840
5875 5916
8952 9052
3874 3840
6111 5955
105 90
2474 2385
5527 5396
8067 8262
4651 4522
8040 8111
3718 3763
1787 1707
979 1004
3585 3528
5823 5782
3024 2953
4532 4490
2871 2859
1409 1381
8067 8216
3234 3283
5064 5144
5307 5331
3946 4013
2329 2380
1837 1784
2807 2754
682 661
556 522
9453 9545
4436 4408
1193 1232
900 950
5648 5743
7003 7037
6804 6714
6169 6318
8971 9156
5064 5113
7494 7331
4304 4272
9523 9453
2842 2860
3848 3906
4004 3946
1389 1359
5875 5935
5064 5129
9110 8952
1414 1461
3256 3309
3566 3664
6538 6497
5064 5120
8040 8120
7714 7545
5685 5597
6745 6677
51 39
6083 6168
9538 9596
9389 9369
3718 3746
8747 8868
9489 9453
9319 9178
2197 2190
2707 2628
6066 5875
4093 4021
3000 3098
4748 4854
1414 1484
6169 6302
7213 7264
3758 3718
5955 6099
9277 9090
2512 2385
292 308
3101 3221
2385 2451
2307 2237
8155 8040
5307 5340
7316 7213
7414 7518
5325 5370
3177 3101
7311 7213
8833 8747
5013 5070
4328 4401
5658 5597
7065 7218
8498 8712
1351 1274
9178 9296
3215 3101
764 805
790 764
5875 5903
3385 3409
3566 3665
9980 9840
9546 9453
1274 1319
2754 2801
676 697
6497 6604
1414 1462
1063 1102
4024 3946
768 724
5 3
792 839
8292 8127
8067 8252
4490 4585
5863 5782
473 440
8498 8708
504 510
6344 6256
419 408
9640 9538
8040 8172
5998 5875
9840 9881
4932 5007
3000 3090
9019 8952
8149 8040
7705 7545
9538 9609
4490 4606
7164 7029
3398 3510
5899 5875
1629 1690
8864 8747
8067 8231
4328 4422
2340 2329
6476 6403
1414 1457
722 698
8355 8240
5235 5260
7851 7772
3946 3991
7940 7847
9453 9507
6256 6343
9453 9482
1891 1967
5809 5782
6608 6497
6133 6196
2383 2329
4598 4727
4579 4490
4748 4843
2722 2652
110 116
5661 5597
1274 1296
3270 3234
3290 3234
1591 1627
9040 8952
347 374
3398 3543
3975 3879
2385 2415
2628 2671
1891 1957
1939 1997
9014 8952
7627 7545
661 688
9060 9222
504 512
4971 4932
7414 7548
8854 8747
2543 2385
504 509
2921 3000
9104 8952
5738 5648
2809 2754
1089 1111
8183 8067
8127 8280
8467 8633
8855 8747
2859 2842
2923 2859
9840 9999
1414 1449
2156 2190
2921 3003
8952 9121
5885 5782
8389 8508
9538 9758
1801 1784
5710 5597
9053 8952
860 792
902 862
4174 4092
3353 3319
6497 6598
8915 8747
3070 3124
7029 7087
3848 3912
3070 3102
3412 3385
2329 2364
5038 5013
3528 3571
5396 5368
792 851
522 572
8931 8988
2329 2352
5875 6046
698 737
2921 2998
1193 1217
900 923
4868 4921
2909 2859
459 440
9576 9538
2211 2231
2237 2317
7003 7038
2719 2652
9538 9580
5723 5648
7065 7217
9453 9495
230 214
5217 5142
5782 5862
4863 4889
2708 2628
4748 4820
1026 1050
5325 5368
5248 5313
2783 2838
7847 7942
3949 3879
5743 5774
3234 3268
8040 7847
2567 2504
3946 4006
7414 7570
8747 8887
591 612
4225 4092
8467 8593
8498 8713
1958 1891
5633 5597
3718 3820
3319 3362
7209 7065
4598 4729
4656 4522
9478 9453
6403 6492
6169 6271
5193 5064
8952 9133
2158 2136
955 900
5782 5804
8680 8498
4522 4647
6497 6599
6032 5875
4709 4598
4272 4331
8191 8067
6497 6550
1096 1063
8611 8467
1790 1784
5904 5875
4725 4598
5782 5792
4272 4312
1526 1471
8389 8416
5955 6072
3528 3587
3070 3132
4607 4490
9333 9276
6714 6800
4374 4328
5307 5350
4892 4863
698 743
7992 7847
4551 4490
6209 6133
1220 1193
2910 2859
5354 5307
2433 2385
9840 9921
8389 8482
2211 2281
5187 5064
433 408
3228 3255
8987 8931
4021 4071
8130 8040
8931 8971
27 20
1381 1410
900 948
9538 9706
2561 2588
125 136
2628 2662
2754 2797
2772 2754
1089 1115
3662 3566
5648 5724
456 440
9424 9369
6569 6626
9369 9415
5341 5307
862 903
5064 5133
135 125
5277 5235
3572 3528
1445 1404
2652 2734
8467 8629
130 150
9840 9945
4373 4328
4682 4598
8035 8048
2628 2666
38 20
5510 5396
3053 3000
6707 6677
8185 8067
8437 8389
4909 4863
4877 4863
2939 2921
4272 4347
5615 5597
1812 1784
1567 1574
7318 7213
3128 3070
1739 1678
2157 2136
7934 7847
7294 7213
4744 4785
4764 4670
6403 6482
4045 3946
3044 3000
4928 4948
4264 4098
6083 6175
4131 4092
4744 4773
2859 2894
7734 7811
5801 5782
9154 8971
8952 9048
8971 9161
7545 7744
1448 1414
2388 2385
7847 7991
4748 4818
5933 5875
2717 2761
5202 5142
4352 4272
1496 1414
6264 6169
4435 4408
8704 8498
1193 1244
8590 8467
7367 7272
1274 1323
5235 5280
8451 8389
9828 9538
5182 5064
1404 1417
9899 9840
3256 3341
1141 1131
851 894
7350 7213
3805 3718
5068 5013
5648 5751
1131 1177
1415 1404
3528 3561
4053 3946
6791 6714
7287 7213
8378 8240
427 434
6089 5955
4575 4490
2043 2070
8931 8955
8040 8138
3398 3480
8127 8281
1887 1831
3528 3622
7734 7774
2156 2180
5040 5013
2412 2385
1900 1831
5107 5064
9538 9836
8539 8467
616 591
7029 7120
700 695
5812 5782
9864 9840
7213 7295
9276 9334
8952 9057
3034 3000
3840 3890
8548 8467
8035 8071
7461 7331
4092 4130
3402 3385
5412 5396
1443 1404
3000 3040
3457 3398
9893 9840
1584 1609
5214 5142
7278 7213
2859 2926
7583 7496
8332 8240
9935 9840
4490 4576
5875 6030
9840 9930
7029 7152
7496 7588
1214 1193
9061 8952
5743 5777
9140 8952
3944 3879
1908 1831
3836 3718
9453 9485
100 109
6519 6497
3452 3385
4490 4516
7360 7213
573 596
1784 1820
5772 5743
1204 1193
7545 7630
1367 1359
2143 2095
4863 4880
5782 5854
4223 4293
4919 4863
1785 1707
8467 8635
1315 1274
6010 5875
5875 5893
13 8
3726 3707
6714 6894
2190 2214
5276 5235
8391 8389
133 125
8335 8240
4408 4483
2329 2384
5142 5221
8265 8067
1611 1667
4910 4863
7426 7331
368 412
7660 7545
200 215
2468 2385
7129 7029
2819 2783
1274 1330
5003 4932
8996 8952
5483 5396
8436 8389
4431 4328
9538 9646
8060 8035
8052 8035
4626 4522
7676 7545
6964 6903
2385 2406
7063 7003
3014 2921
8040 8114
9789 9538
5495 5396
289 279
2754 2775
9453 9518
4624 4522
5875 6069
3165 3070
6907 6714
5875 6042
5712 5648
4070 4104
7709 7545
5955 6096
3358 3319
8467 8586
2921 2859
3405 3385
4583 4490
1939 1999
1023 1008
8952 9003
2385 2540
1026 1053
8749 8498
6677 6768
1274 1279
8467 8596
5617 5597
5743 5781
7975 7847
6600 6497
795 764
8698 8498
7188 7065
792 828
7186 7065
6393 6337
1872 1831
2754 2774
9724 9538
6497 6612
2465 2385
8952 9054
9854 9538
8340 8240
6677 6722
3012 2921
7029 7150
8225 8067
2533 2385
1208 1193
5925 5875
1946 1891
6060 5875
5149 5064
6166 6248
9829 9538
149 130
1682 1629
5322 5248
1934 1891
1063 1099
4123 4092
8557 8467
8691 8498
4092 4128
6383 6337
2272 2211
2191 2156
3070 3105
4092 4206
3156 3070
6714 6838
5839 5782
9840 9912
5597 5657
5659 5597
5782 5818
8709 8498
5064 5154
5307 5343
6797 6714
792 869
3677 3566
4272 4344
1891 1969
1193 1246
1061 1026
9786 9538
1455 1414
8083 8035
4522 4652
6423 6403
3433 3385
3385 3436
9453 9527
6329 6256
8747 8878
2964 2921
1321 1274
6303 6169
8285 8127
4359 4272
5428 5396
9840 9872
9060 9235
3070 3144
7772 7840
6567 6497
1398 1381
5790 5743
5009 4932
4055 3946
1414 1491
505 504
440 469
2237 2320
6181 6083
5597 5700
9815 9538
862 901
5616 5597
2619 2596
9289 9090
1 2
2738 2652
4807 4744
6022 6139
5488 5396
2071 2104
6169 6324
3256 3326
3946 4021
5822 5782
5468 5597
8498 8804
1733 1678
9090 9287
2301 2237
5782 5795
8813 8747
698 733
7213 7265
5183 5064
1794 1784
6641 6699
3518 3398
6043 5875
4008 3946
3101 3205
797 764
4522 4634
440 460
9914 9840
8952 9016
6781 6714
2124 2095
1784 1828
9445 9369
7734 7799
2262 2211
8971 9196
5153 5064
5119 5064
3528 3562
1939 2024
1575 1567
7478 7331
7560 7414
4977 4932
4826 4748
7666 7545
9305 9178
8035 8064
9246 9090
3841 3718
1274 1309
1193 1226
4267 4098
3385 3449
3073 3000
1620 1591
55 39
20 36
6403 6449
5368 5394
9798 9538
9913 9840
6714 6889
408 421
9005 8952
9369 9446
6272 6169
3214 3101
9369 9454
4531 4490
3319 3388
1092 1130
8952 9046
3389 3319
6403 6470
4490 4587
9937 9840
2014 1939
9090 9271
7272 7393
9276 9378
9678 9538
8359 8240
5415 5396
5471 5396
3610 3528
9127 8952
4598 4744
558 522
4917 4863
7065 7210
4272 4349
8971 9185
8517 8467
4141 4092
1821 1784
3840 3871
9538 9819
5108 5064
3579 3528
7772 7842
8952 9004
5248 5305
7272 7417
6903 6979
5064 5097
2643 2628
1672 1611
7654 7545
2859 2925
3946 4054
8747 8903
2552 2385
2859 2893
6256 6330
1274 1334
7344 7213
5648 5749
5235 5272
2628 2677
5729 5648
5240 5142
4223 4281
4490 4527
2385 2450
8532 8467
6581 6497
8240 8373
5489 5396
1274 1281
3946 4031
1611 1671
1678 1752
6477 6403
3943 3879
9730 9538
6337 6368
8053 8035
6180 6083
4874 4863
8127 8274
2237 2330
7545 7698
8498 8747
6991 6903
6641 6696
7545 7624
3385 3403
6158 6083
86 82
6169 6273
6714 6900
2187 2156
5058 5013
1586 1568
3429 3385
8667 8498
8952 9144
9145 8952
6203 6133
8389 8458
4498 4490
7637 7545
3440 3385
8747 8848
8240 8352
4408 4487
3176 3101
4182 4092
6416 6403
6785 6714
3234 3296
8598 8467
3864 3840
1359 1378
2921 2983
8112 8040
7684 7545
4748 4822
2027 1939
6207 6133
7414 7533
8741 8498
3010 2921
3566 3706
5597 5678
9276 9325
2953 3019
8747 8863
1968 1891
6607 6497
5597 5649
1611 1647
4932 4973
6695 6641
5064 5148
2921 2981
7003 7062
1637 1705
1274 1347
1965 1891
8747 8866
4872 4748
1008 1030
130 157
6714 6909
5990 5875
5875 6026
739 698
3946 3999
7772 7843
4962 4932
4932 4955
7603 7545
6862 6714
9613 9538
6906 6714
6337 6360
8931 8965
1506 1471
8059 8035
277 251
2206 2190
7545 7658
8952 9039
8240 8323
6117 5955
3000 3037
4470 4408
3492 3398
3855 3840
4744 4787
504 525
3187 3101
7545 7659
8098 8040
7894 7847
2921 2947
214 227
8247 8067
7331 7479
9369 9438
1193 1261
1274 1311
4932 5028
4408 4474
2470 2385
9538 9600
2211 2226
7734 7794
8498 8761
8067 8206
1579 1567
9665 9538
7029 7156
2790 2754
8546 8467
9303 9178
6569 6654
231 240
8240 8354
2665 2628
9120 8952
7545 7611
3848 3895
6133 6245
764 792
162 130
5955 5875
4408 4447
2773 2754
3962 3879
3234 3269
4506 4490
7213 7304
467 494
5142 5196
792 870
1026 1037
2705 2628
2859 2908
3398 3534
8127 8288
6133 6231
7109 7029
3566 3687
3566 3671
4092 4209
979 1003
4581 4490
193 200
4272 4350
1796 1784
1707 1773
5946 5875
5782 5861
2921 2959
7890 7847
8282 8127
3840 3866
4589 4490
9408 9369
7734 7781
4598 4726
292 322
900 924
5656 5597
3091 3000
1471 1513
8467 8610
3474 3398
7029 7070
3338 3256
7213 7281
5396 5573
9453 9511
6169 6287
4449 4408
6903 6962
7067 7003
3260 3228
9513 9453
1891 1945
9840 9863
5782 5802
1830 1784
1026 1040
251 254
6280 6169
2156 2189
3307 3256
8971 9209
3101 3207
431 439
7331 7483
744 698
7541 7414
2050 2083
7076 7029
3319 3373
1205 1193
7510 7414
5875 6050
900 917
4408 4479
7213 7329
8498 8750
9281 9090
2385 2390
865 792
4865 4748
900 936
8769 8498
9840 9924
5256 5235
8040 8108
4460 4408
9874 9840
61 71
8498 8699
7297 7213
2628 2714
9141 8952
8240 8314
9840 9898
8952 9035
8240 8318
1662 1611
2305 2237
5440 5396
5235 5268
4530 4490
9453 9475
5064 5185
7003 7025
7545 7655
6714 6819
9448 9369
8240 8338
1359 1373
2040 1943
4092 4224
2877 2859
2385 2449
2859 2879
4025 3946
7414 7530
2237 2303
8475 8389
8990 8952
2255 2211
1063 1089
8333 8240
1274 1322
9090 9291
1060 1026
8788 8498
2424 2385
4863 4886
5127 5064
8931 8974
5064 5131
8802 8498
2376 2329
3718 3812
4522 4635
1674 1611
3566 3681
3840 3853
7272 7376
9018 8952
7582 7496
9681 9538
9369 9403
7418 7272
4615 4522
9197 8971
3597 3528
7029 7169
5391 5368
104 90
3031 3000
5718 5648
8040 8127
8066 8035
1939 1993
1134 1131
6403 6501
4932 4975
1597 1584
9188 8971
8498 8738
4159 4092
5110 5064
747 698
1193 1272
1052 1026
3096 3000
6403 6440
4490 4563
408 423
2682 2628
9840 9920
3888 3840
1891 1951
8737 8498
3694 3566
9210 9060
6452 6403
1002 979
9170 8971
8210 8067
8334 8240
4863 4884
1939 2013
8291 8127
7065 7195
2652 2726
5061 5013
9614 9538
7049 7003
8240 8305
3721 3707
1107 1063
5396 5475
7369 7272
1637 1714
5142 5227
9840 9903
2335 2329
1036 1026
3209 3101
2921 3009
8776 8498
4223 4278
661 624
9538 9663
1516 1471
6403 6496
2385 2460
3256 3312
2859 2918
5955 6091
1923 1977
1131 1133
573 592
7160 7029
4522 4630
4598 4710
2385 2516
2329 2347
3119 3070
4598 4687
1831 1879
6499 6403
9840 9993
6184 6133
6569 6657
5875 6041
5361 5307
7772 7866
7448 7331
3607 3528
6829 6714
2628 2694
678 661
9840 9953
4542 4490
9690 9538
3591 3528
7024 7003
9686 9538
4598 4688
637 605
5418 5396
8067 8209
9538 9718
4408 4458
264 251
4490 4550
1584 1613
6779 6714
5654 5597
3021 2953
2782 2754
8971 9200
4881 4863
7545 7638
2443 2385
7380 7272
5203 5142
8157 8040
754 724
3123 3070
7331 7471
8600 8467
3305 3256
431 441
3101 3228
7916 7847
4271 4098
6714 6913
3528 3569
4900 4863
4343 4272
8467 8634
584 568
6337 6401
8389 8455
8389 8454
366 342
9394 9369
6169 6320
4868 4930
5216 5142
5597 5612
9816 9538
1428 1404
1131 1184
4490 4609
484 442
4190 4092
458 440
2453 2385
8389 8439
8067 8230
5782 5886
5622 5597
2617 2596
2047 1943
6903 6998
2211 2222
6337 6390
8067 8208
137 173
7496 7571
9817 9538
5843 5782
2839 2783
1678 1730
9178 9299
6169 6310
8493 8389
200 214
8952 9081
5235 5274
5208 5142
6903 6969
8542 8467
6337 6379
9453 9469
8467 8621
9425 9369
3565 3528
4092 4116
1466 1414
9444 9369
3153 3070
1359 1396
5013 4932
5690 5597
9091 8952
868 792
2921 2999
748 698
5549 5396
8952 9037
8747 8921
605 627
1345 1274
4594 4490
4814 4744
4092 4207
1891 1938
9963 9840
1274 1360
7213 7296
9326 9276
8467 8613
6903 7022
4416 4328
5468 5591
2633 2596
7978 7847
2237 2308
5743 5785
1051 1026
5396 5494
8707 8498
5396 5547
4522 4646
158 130
7677 7545
3718 3818
3481 3398
4438 4408
4863 4914
724 758
2385 2419
2071 2109
5378 5368
624 658
3848 3897
5782 5876
3528 3584
334 322
9840 9904
9885 9840
7847 8013
8467 8569
2842 2864
500 467
8425 8389
4272 4315
368 395
9538 9707
6831 6714
7134 7029
6403 6475
5875 5896
8067 8235
8347 8240
6569 6643
2095 2138
780 759
5468 5595
4288 4223
5938 5875
1063 1101
792 848
9178 9311
7003 7048
2901 2859
8952 9143
8040 8125
504 526
82 88
2960 2921
6337 6396
7861 7772
7498 7331
5396 5443
440 466
9369 9412
5017 4932
1800 1784
4265 4098
3605 3528
6518 6497
7766 7704
9453 9499
9538 9574
6409 6337
624 667
39 56
8953 8931
9737 9538
6677 6726
6880 6714
61 75
2921 2942
6714 6870
8498 8715
1325 1274
2385 2399
504 529
7847 7874
7852 7772
82 85
6505 6403
115 127
7118 7029
3520 3398
8467 8602
5080 5013
7545 7713
1151 1195
6169 6288
6169 6262
125 115
573 597
5064 5178
1430 1404
2078 2050
6792 6714
5868 5782
3927 3879
9538 9810
1274 1359
6403 6415
8467 8523
1193 1218
2504 2559
7928 7847
9538 9647
6839 6714
2836 2783
8498 8725
4561 4490
3794 3718
4858 4748
2482 2385
3101 3182
2329 2371
5472 5396
4490 4528
1219 1193
9062 8952
9840 9894
3528 3583
1166 1131
3764 3718
130 169
9409 9369
6677 6747
2631 2596
3626 3528
6386 6337
8278 8127
7213 7305
7003 7027
4490 4496
1939 2008
605 638
9840 9959
2136 2166
130 163
4522 4644
7847 7962
7587 7496
6714 6872
2385 2525
5720 5648
6337 6380
9538 9562
2578 2504
87 82
2596 2622
7373 7272
5396 5506
7213 7315
8626 8467
7847 7879
6256 6339
7847 8023
1131 1170
2385 2471
1274 1193
440 468
862 913
8040 8126
6903 6967
3748 3718
292 279
3385 3438
4328 4402
5793 5782
2921 3017
3630 3566
9369 9428
7590 7496
7935 7847
2136 2170
8747 8941
8069 8035
8747 8938
7029 7137
3879 3917
8040 8107
5452 5396
9453 9515
5368 5379
2249 2211
855 792
1191 1151
6497 6554
1032 1008
9406 9369
2444 2385
3228 3264
624 640
6651 6569
2211 2280
118 110
8498 8785
1359 1391
8934 8747
9207 8971
522 571
5743 5788
724 759
9950 9840
5597 5644
8919 8747
467 487
5555 5396
2329 2368
6677 6733
792 846
1784 1817
1836 1784
8389 8417
6256 6338
2754 2776
7385 7272
38 44
4142 4092
4748 4850
8886 8747
684 661
4092 4184
6497 6616
1112 1089
3693 3566
408 425
4928 4949
605 630
1146 1131
8264 8067
4939 4928
8040 8160
695 707
568 575
7141 7029
5396 5422
8527 8467
965 960
4223 4292
9396 9369
7974 7847
7610 7545
8240 8321
1831 1874
8040 8109
5116 5064
7716 7545
1670 1611
7077 7029
1611 1635
3045 3000
7545 7695
5637 5597
4490 4549
7545 7675
3946 3995
6163 6083
4358 4272
6169 6294
7272 7362
1274 1283
8952 9079
6903 6990
8067 8200
1393 1359
61 68
4661 4522
996 961
4246 4092
9348 9276
1797 1784
7688 7758
7052 7003
6208 6133
1497 1572
6820 6714
3885 3840
5683 5597
8747 8834
3398 3470
2642 2628
4223 4289
8540 8467
5743 5759
6891 6714
792 843
1193 1264
5064 5157
9186 8971
8892 8747
3319 3357
628 605
6895 6714
4178 4092
3879 3928
7213 7065
1193 1265
695 719
6569 6672
5782 5865
2329 2367
5156 5064
5782 5871
8389 8448
4021 4063
6097 5955
7606 7545
7103 7029
8507 8389
1862 1831
6668 6569
8952 9142
7213 7325
7331 7431
6403 6431
504 507
6075 5955
2237 2306
5396 5537
3112 3070
4223 4290
8067 8179
2888 2859
9667 9538
6256 6345
7029 7089
2628 2659
279 297
2250 2211
7213 7256
5800 5782
1164 1131
6157 6083
4092 4164
6241 6133
8127 8287
8405 8389
3718 3757
3054 3000
8068 8035
1611 1644
1411 1381
3395 3385
602 591
8067 8220
8004 7847
3330 3256
1519 1471
279 295
130 151
4272 4337
2326 2237
3613 3528
1471 1537
695 699
6483 6403
9538 9770
1784 1818
2385 2428
8618 8467
1447 1404
3256 3339
1835 1784
6714 6848
4129 4092
3682 3566
7772 7850
2859 2927
1831 1876
8971 9193
4748 4842
1895 1831
1275 1193
8498 8673
1783 1707
9078 8952
1885 1831
3675 3566
8498 8739
5907 5875
5875 6061
2360 2329
7772 7845
4262 4098
4863 4905
5468 5598
3946 4030
5597 5691
9538 9571
3879 3971
5300 5248
686 661
6384 6337
2385 2547
4098 4272
2859 2906
2723 2652
661 680
3477 3398
577 568
5782 5808
4744 4795
2717 2762
7042 7003
1153 1131
20 33
6333 6256
1274 1346
1008 1017
4493 4408
6424 6403
5875 5905
7012 6903
8300 8127
7793 7734
5246 5142
7652 7545
4328 4366
9051 8952
4210 4092
5515 5396
7237 7065
5235 5259
5013 5082
2859 2928
3718 3807
1341 1274
6995 6903
8467 8637
2286 2211
6714 6864
2348 2329
8389 8393
214 224
3324 3256
1637 1692
3385 3442
1013 979
9453 9541
6887 6714
2626 2596
5666 5597
292 313
7433 7331
6133 6239
1629 1678
6622 6569
1041 1026
1611 1673
6444 6403
2385 2535
851 886
8935 8747
6783 6714
6403 6337
4833 4748
6569 6656
3848 3718
7115 7029
7470 7331
7847 8011
1359 1372
1151 1197
8993 8952
3741 3718
1026 1063
9152 8952
6677 6706
5241 5142
3000 3088
960 966
3000 3089
7847 7945
7213 7285
9090 9257
8389 8472
5248 5303
1784 1824
9471 9453
3070 3139
2385 2457
779 759
5064 5142
2442 2385
953 900
7213 7348
2842 2856
9215 9060
1480 1414
4746 4598
1034 1008
1546 1497
8020 7847
8240 8327
8341 8240
6569 6674
5368 5383
7647 7545
5648 5744
4511 4490
7414 7568
1611 1649
655 624
4670 4757
3718 3811
8418 8389
3385 3454
1131 1173
4490 4577
7023 6903
8467 8526
1151 1131
4613 4522
8467 8592
4744 4802
8240 8351
4042 3946
6661 6569
3282 3234
8041 7847
6677 6759
4355 4272
5972 5875
7621 7545
8747 8859
8952 9135
1404 1418
3070 3113
5255 5235
3718 3839
5756 5743
4497 4490
5396 5437
1611 1658
8520 8467
2017 1939
3566 3672
4744 4803
3670 3715
2529 2385
2236 2211
5782 5847
8035 8046
3566 3648
5218 5142
7445 7331
3718 3670
4748 4864
4419 4328
4328 4390
4522 4666
4932 4964
2237 2294
130 153
7331 7432
9886 9840
4976 4932
6237 6133
9722 9538
1091 1063
4490 4543
5743 5776
8389 8492
4552 4490
2982 2921
998 979
2050 2096
9884 9840
9538 9563
6347 6337
5597 5625
5597 5697
6133 6226
5875 5985
1359 1362
2385 2517
8924 8747
557 522
8747 8880
6472 6403
2229 2211
7545 7669
7275 7213
8238 8067
7545 7724
1414 1497
1723 1637
5624 5597
6903 6984
5235 5261
6569 6670
3718 3749
1193 1212
3070 3129
8432 8389
8389 8509
8697 8498
7331 7441
5493 5396
1784 1803
792 827
4386 4328
3761 3718
7029 7157
5466 5396
2545 2385
375 347
2754 2781
6497 6610
9790 9538
5047 5013
8641 8467
5064 5166
3398 3493
9840 9917
3627 3528
7497 7331
6054 5875
3070 3140
4744 4774
8595 8467
2136 2168
4092 4175
8389 8403
4360 4272
7847 7998
2859 2924
2847 2842
271 251
8720 8498
5816 5782
7414 7272
8121 8040
2385 2498
2043 2058
6569 6635
6086 5955
2916 2859
6169 6307
3718 3819
8240 8349
6874 6714
7065 7223
7592 7496
2628 2661
1617 1584
1981 1923
9943 9840
6685 6641
1784 1840
3256 3318
2237 2299
3126 3070
8176 8067
5318 5248
9318 9178
925 900
1140 1131
3340 3256
3546 3398
9493 9453
5597 5631
1697 1637
9664 9538
3422 3385
8261 8067
9911 9840
8747 8853
1564 1497
1731 1678
5278 5235
8389 8423
8389 8409
5717 5648
2953 3029
5325 5373
6270 6169
3528 3604
6903 6977
8952 9137
8498 8797
8952 9064
3070 3152
3294 3234
2095 2050
3101 3183
6083 6161
698 736
4021 4087
6638 6569
3158 3236
7331 7490
9900 9840
3242 3158
1471 1511
2329 2334
8040 8159
8467 8535
463 440
4866 4748
2831 2783
2061 2043
440 455
3946 4029
961 900
5248 5323
8389 8396
6994 6903
8127 8272
9538 9852
4453 4408
6169 6283
522 541
5396 5430
1404 1414
840 792
8893 8747
1707 1762
3879 3945
6497 6523
3566 3692
4098 4270
6169 6319
4932 4980
65 61
881 851
7213 7331
7847 7968
6641 6690
7847 7933
1359 1382
8652 8498
6169 6312
8940 8747
4021 4090
4230 4092
6903 6946
7878 7847
3295 3234
8035 8073
695 711
8058 8035
3707 3724
4885 4863
1891 1923
8747 8933
2754 2770
2385 2459
9575 9538
2190 2215
8623 8467
9846 9538
2385 2407
4092 4244
961 983
7182 7029
5396 5556
2385 2536
6497 6556
5099 5064
9157 8971
753 724
2046 1943
130 141
3000 3085
5543 5396
9910 9840
3398 3536
5032 4932
6511 6497
361 342
2284 2211
8240 8374
3718 3771
5325 5372
130 167
4598 4739
3127 3070
8240 8330
3376 3319
3727 3707
126 115
4932 4985
9508 9453
3528 3611
5188 5064
7065 7235
7809 7734
792 842
7888 7847
9276 9332
9211 9060
6497 6592
261 251
7534 7414
3718 3769
1404 1436
698 724
5396 5481
778 759
7515 7414
2778 2754
724 752
4490 4505
8721 8498
9538 9668
8978 8931
8541 8467
6037 5875
279 299
2504 2580
2887 2859
639 624
4806 4744
279 291
3101 3197
958 900
2115 2095
2655 2628
6289 6169
5782 5824
9538 9720
2042 1943
7545 7720
9090 9247
4092 4155
9453 9492
6481 6403
2921 3004
7041 7003
2810 2754
792 862
7092 7029
1901 1831
1497 1540
5064 5104
3789 3718
3158 3237
522 548
2202 2190
5142 5213
3070 3169
4395 4328
1193 1271
279 296
560 522
5121 5064
7898 7847
8747 8896
6677 6731
4183 4092
8467 8515
8001 7847
9400 9369
9840 9906
3670 3719
6290 6169
6403 6478
407 368
7847 7885
7863 7772
890 851
477 440
6166 6252
9226 9060
5875 6027
2940 2921
8923 8747
7686 7545
5396 5511
960 900
9538 9670
3398 3533
8952 9117
98 90
1100 1063
1314 1274
3879 3926
3135 3070
5143 5064
1263 1193
5434 5396
7847 8008
6903 7019
9538 9585
900 920
544 522
7847 7988
2717 2752
530 504
3142 3070
4434 4408
2953 3026
7216 7065
200 210
1685 1629
9015 8952
6497 6595
20 30
6989 6903
7805 7734
4092 4162
8389 8399
624 651
8035 8089
5628 5597
5923 5875
7642 7545
8931 8966
7943 7847
5244 5142
6387 6337
552 522
9395 9369
4135 4092
4782 4744
3300 3234
6714 6904
368 402
7331 7427
7847 7880
2257 2211
8826 8747
9249 9090
2824 2783
9875 9840
2385 2530
4733 4598
7414 7511
1611 1646
9369 9405
6497 6613
2743 2652
5747 5648
6868 6714
6039 5875
851 876
1473 1414
239 231
8852 8952
7540 7414
4632 4522
6647 6569
8433 8389
6083 6167
3108 3070
5866 5782
8087 8035
3418 3385
8695 8498
3566 3683
7505 7331
5551 5396
3398 3509
8127 8294
5325 5248
3896 3848
3524 3398
1148 1131
6337 6375
6903 7001
8952 8995
6931 6903
6766 6677
6403 6466
1086 1026
3946 4052
9509 9453
5689 5597
6134 6022
1008 1029
5672 5597
2691 2628
4744 4792
2075 2050
1009 979
9233 9060
4408 4437
2201 2190
1939 1990
8952 9126
6677 6767
7784 7734
5396 5509
9742 9538
8376 8240
3383 3319
3398 3531
7289 7213
7734 7801
2913 2859
8180 8067
6782 6714
9225 9060
8784 8498
8035 8084
7847 8022
5163 5064
5088 5013
3101 3218
591 573
1611 1657
5064 5169
1404 1438
9657 9538
7772 7846
5597 5681
3015 2921
9901 9840
5298 5248
3131 3070
6714 6825
9430 9369
4748 4827
7254 7213
1970 1891
8040 8169
2329 2341
6714 6897
522 539
7272 7419
2842 2852
9538 9622
6403 6465
5292 5235
1471 1534
3256 3335
8498 8730
2922 2859
1026 1043
4261 4098
1678 1732
6828 6714
7734 7813
5964 5875
3226 3101
8911 8747
4325 4272
2487 2385
9538 9705
4695 4598
4001 3946
1381 1408
4160 4092
1877 1831
6337 6399
8389 8471
8952 9108
1567 1577
9119 8952
9538 9778
9073 8952
4367 4328
8031 7847
95 82
6065 5875
2818 2754
4504 4490
8467 8642
4218 4092
4111 4070
661 676
9134 8952
9538 9579
3319 3386
836 792
7272 7410
2097 2071
5721 5648
63 54
6973 6903
6932 6903
5201 5142
251 281
5597 5640
7545 7617
1131 1185
4765 4670
793 764
5265 5235
3398 3475
9973 9840
1026 1080
4748 4860
35 20
8389 8441
2628 2667
1612 1584
4990 4932
6513 6497
4490 4507
3907 3848
3595 3528
7213 7320
5887 5782
980 961
2329 2357
2329 2378
8932 8747
9716 9538
6160 6083
292 323
3594 3528
3529 3398
9715 9538
9328 9276
5353 5307
1536 1471
2521 2385
7161 7029
816 764
4021 4076
9223 9060
1131 1188
6901 6714
6903 6976
2628 2710
7065 7200
5396 5512
8498 8773
5875 6051
7509 7331
4715 4598
2329 2382
3718 3833
7262 7213
9116 8952
1707 1776
7496 7572
6559 6497
7352 7213
5875 5992
3398 3540
5175 5064
9049 8952
5347 5307
7080 7029
3398 3487
4234 4092
9926 9840
4598 4686
4591 4490
9538 9728
5346 5307
1707 1775
4988 4932
6395 6337
1591 1621
4654 4522
2652 2735
39 53
3193 3101
4204 4092
7492 7331
7440 7331
3566 3638
2156 2186
2479 2385
8477 8389
9569 9538
8389 8400
8889 8747
5468 5580
8929 8747
2102 2071
6083 6156
6950 6903
7276 7213
9762 9538
9805 9538
5368 5397
9566 9538
4125 4092
5396 5535
4878 4863
4074 4021
7545 7620
8040 8132
7331 7507
1854 1831
1939 2005
8747 8865
3528 3601
2912 2859
4616 4522
6714 6857
12 8
347 382
5608 5468
5020 4932
139 125
1637 1611
1481 1414
5902 5875
3116 3070
1404 1422
6430 6403
1955 1891
9754 9538
8731 8498
9538 9617
1629 1677
8498 8726
5750 5648
5425 5396
2736 2652
9369 9404
4084 4021
1476 1414
8599 8467
7213 7307
19 21
4108 4070
9402 9369
961 982
7331 7455
3634 3566
5139 5064
979 1007
8250 8067
2276 2211
3734 3707
2385 2509
258 251
8747 8908
2842 2868
9276 9383
2596 2604
3707 3731
3718 3747
7545 7622
6403 6447
347 385
9806 9538
724 764
7520 7414
3000 3062
4187 4092
1632 1611
2396 2385
3633 3566
1831 1850
9766 9538
5327 5307
6927 6714
5583 5468
9961 9840
4282 4223
408 428
3385 3408
9701 9538
5016 4932
3879 3960
1784 1814
1527 1471
1865 1831
1524 1471
759 776
1193 1228
1492 1414
9372 9276
2561 2589
1071 1110
1793 1784
1722 1637
2385 2409
8009 7847
1363 1359
8443 8389
5423 5396
7776 7734
409 368
5002 4932
661 683
6517 6497
4849 4748
6641 6686
6903 6956
6463 6403
8240 8320
8248 8067
3868 3840
8971 9178
4070 4112
6633 6569
2978 2921
2953 3018
9010 8952
4598 4693
7734 7790
368 413
4522 4619
1274 1350
9538 9821
2002 1939
7771 7734
5054 5013
3840 3867
6615 6497
9453 9548
8186 8067
5875 6067
3233 3158
1089 1116
8498 8765
223 214
7272 7420
6083 6176
5875 6040
2596 2620
7718 7545
8952 9131
6087 5955
4181 4092
9369 9441
6572 6497
2195 2190
5487 5396
5778 5743
7976 7847
6 7
4760 4670
8806 8498
1404 1421
4748 4839
7545 7626
4328 4426
8040 8151
9538 9608
2385 2484
1779 1707
8931 8960
1717 1637
6412 6337
2920 2859
9538 9689
282 251
8036 7847
2156 2136
8260 8067
724 770
4748 4836
6169 6284
663 624
1857 1831
608 591
2780 2754
1018 1008
3471 3398
6677 6700
3114 3070
6903 6930
3377 3319
2713 2628
4598 4713
1784 1810
2114 2095
3780 3718
9591 9538
2385 2469
4388 4328
287 279
4490 4520
7272 7384
8952 9033
358 342
7734 7787
806 764
8127 8303
9102 8952
2329 2354
6948 6903
7371 7272
9840 9989
193 205
1848 1784
6497 6553
5597 5641
408 422
4269 4098
3512 3398
8240 8343
1963 1891
9453 9531
8467 8605
9538 9631
6714 6822
698 732
6133 6022
8498 8793
5310 5248
9236 9060
3055 3000
1807 1784
2504 2581
3946 4010
8747 8891
8147 8040
9178 9310
1131 1149
130 152
1193 1262
8470 8389
8747 8844
5732 5648
3288 3234
440 479
3385 3399
9147 8952
4598 4745
4272 4341
3566 3669
2385 2480
5650 5597
1274 1328
2385 2445
5267 5235
6407 6337
4611 4522
8931 8963
1539 1497
4863 4918
9666 9538
6798 6714
3993 3946
5248 5309
1784 1832
259 251
568 578
504 532
5791 5782
7355 7213
1274 1300
1839 1784
1089 1124
5170 5064
7830 7772
6716 6677
4353 4272
1629 1687
5499 5396
3774 3718
5857 5782
5064 5190
8035 8061
1941 1891
8952 9008
4762 4670
5875 5915
1026 1079
9224 9060
6714 6790
6403 6460
130 156
453 440
2043 2064
7545 7697
4478 4408
7987 7847
5142 5245
8498 8693
7815 7734
1987 1939
4092 4195
7818 7734
8467 8551
4748 4824
5909 5875
3740 3718
6188 6133
8306 8240
8040 8142
8609 8467
6381 6337
1532 1471
1784 1847
8852 8945
431 437
6169 6316
130 146
8747 8918
4645 4522
4932 4979
8830 8747
4522 4637
6549 6497
8127 8275
6275 6169
3234 3281
4690 4598
975 961
4490 4499
6714 6808
9276 9343
1063 1103
2211 2269
2385 2436
8587 8467
5782 5797
2628 2641
420 408
1414 1458
9840 9927
1193 1243
213 200
2561 2504
7414 7523
867 792
6532 6497
8 14
6809 6714
4600 4490
8640 8467
2656 2628
9001 8952
2628 2658
6497 6507
1591 1628
440 446
9090 9244
4022 3946
9417 9369
4050 3946
1026 1085
8479 8389
7414 7521
2628 2696
7153 7029
2211 2279
6714 6917
171 192
8240 8316
6677 6746
6569 6625
8035 8075
9699 9538
8573 8467
3877 3840
5782 5880
3203 3101
9745 9538
196 193
3718 3776
7142 7029
1923 1982
3262 3228
19 22
3319 3390
1939 2023
979 1008
7434 7331
7734 7778
6497 6579
4670 4766
9736 9538
1707 1774
1042 1026
1930 1891
1471 1500
7065 7191
238 248
8583 8467
251 278
4748 4835
9713 9538
5875 5969
8389 8494
8040 8152
4771 4744
8971 9165
8389 8463
7847 7961
7873 7847
9679 9538
7847 7772
2842 2869
252 238
8309 8240
2496 2385
5955 6083
3946 4014
2539 2385
698 750
3578 3528
3479 3398
7833 7772
9685 9538
3848 3903
3959 3879
9538 9795
2921 3008
6418 6403
1092 1131
8467 8591
1831 1861
5614 5597
195 171
5782 5825
8975 8931
6569 6658
1179 1131
5496 5396
6388 6337
1274 1343
5875 6047
5468 5607
6268 6169
2329 2349
6725 6677
3937 3879
3329 3256
1413 1404
5706 5597
3385 3393
9572 9538
5648 5753
7003 7047
9634 9538
3158 3240
4069 4021
9000 8952
1186 1131
1637 1729
9453 9551
9342 9276
4494 4408
7213 7306
2329 2358
440 478
9538 9586
8498 8662
7689 7545
504 513
6958 6903
8997 8952
988 961
1707 1781
8762 8498
2332 2237
2859 2891
8240 8356
1414 1494
9677 9538
6022 6153
9453 9524
2199 2190
6497 6618
322 342
3840 3887
6133 6229
8467 8389
8196 8067
4194 4092
3190 3101
3919 3879
2985 2921
4272 4323
5538 5396
5046 5013
4082 4021
5197 5142
3566 3680
3552 3528
8074 8035
7381 7272
7688 7754
2239 2211
5396 5478
9251 9090
5396 5432
1486 1414
8103 8040
2237 2322
6337 6346
1094 1063
2050 2080
1193 1213
3718 3837
3070 3117
4783 4744
5229 5142
4328 4393
5164 5064
2237 2293
7029 7079
8498 8782
237 214
5597 5645
1678 1745
990 961
9455 9369
8756 8498
8747 8895
9090 9240
7443 7331
6677 6761
2208 2190
1553 1497
7673 7545
2099 2071
1406 1381
353 322
6129 6022
1630 1591
2966 2921
8499 8389
7058 7003
7198 7065
764 799
764 802
6133 6187
6701 6677
2329 2342
6528 6497
2156 2174
9621 9538
9063 8952
2385 2461
3074 3000
1784 1834
6754 6677
7712 7545
3538 3398
8781 8498
4744 4813
3476 3398
5307 5338
7542 7414
961 995
8498 8705
2385 2427
2079 2050
4490 4596
8467 8513
8401 8389
5827 5782
5520 5396
6366 6337
605 632
7701 7545
6133 6219
832 792
2095 2137
8669 8498
8628 8467
4490 4570
3174 3101
7029 7163
9840 9876
9453 9542
9824 9538
6497 6508
3070 3159
5875 6009
6169 6295
3708 3670
5089 5013
6169 6299
718 695
7911 7847
6242 6133
322 340
3876 3840
555 522
283 251
3109 3070
7414 7564
7029 7105
2629 2596
3718 3826
4481 4408
6337 6362
1011 979
9992 9840
7847 8029
268 251
7192 7065
4092 4121
2549 2385
9848 9538
1497 1567
8467 8588
7379 7272
7414 7513
9479 9453
1223 1193
8389 8426
1344 1274
2914 2859
8971 9164
4598 4702
4361 4272
900 921
7668 7545
4628 4522
8389 8453
9538 9837
9660 9538
9856 9538
8952 9151
3000 3046
4328 4396
9774 9538
3528 3603
368 396
1784 1845
4799 4744
2685 2628
6535 6497
9840 9951
7452 7331
517 504
1891 1953
3394 3385
5368 5380
3528 3566
8942 8747
2640 2628
6855 6714
1568 1581
8063 8035
9276 9375
1701 1637
1059 1026
3707 3723
2095 2123
8090 8035
2826 2783
3528 3616
8498 8665
2385 2464
1231 1193
4617 4522
9975 9840
3158 3234
2385 2410
2725 2652
3718 3788
1582 1568
2628 2675
5875 5958
3718 3840
5248 5319
2754 2817
6569 6675
9090 9272
6300 6169
7463 7331
7213 7267
6589 6497
672 624
9840 9897
1648 1611
5235 5253
2842 2846
6677 6774
573 598
8240 8358
3385 3401
9538 9768
5955 6084
1784 1823
676 698
3840 3870
6355 6337
5064 5151
624 647
4092 4150
7775 7734
6903 7006
1414 1471
5730 5648
9988 9840
7029 7083
7414 7537
2385 2400
645 624
6677 6720
3922 3879
1510 1471
1063 1093
7545 7737
4092 4196
6337 6402
1274 1317
2783 2830
3718 3778
7272 7409
3070 3164
5064 5137
1471 1520
4017 3946
7847 7906
7405 7272
3101 3181
9419 9369
2282 2211
661 689
4779 4744
2050 2081
4391 4328
1568 1580
2689 2628
7847 7887
9840 9883
3000 3077
2055 2043
5832 5782
1284 1274
9038 8952
3256 3310
5446 5396
8973 8931
8952 9138
8389 8424
3343 3256
7545 7662
2523 2385
3000 3030
4883 4863
4223 4285
3901 3848
8419 8389
1193 1206
2737 2652
5165 5064
940 900
570 522
3314 3256
7213 7303
171 137
3319 3382
8040 8171
1193 1215
4092 4193
3625 3528
246 231
8498 8780
3629 3566
4932 5029
8389 8480
2385 2495
9483 9453
9840 9970
5955 6104
3306 3256
6787 6714
4490 4564
4021 4089
140 176
5711 5648
267 251
4736 4598
8931 8970
5748 5648
8604 8467
8193 8067
5330 5307
8760 8498
1707 1637
6609 6497
9410 9369
6403 6500
5396 5566
7544 7414
9661 9538
5348 5307
2972 2921
4788 4744
3319 3372
6903 6935
1508 1471
1831 1891
8240 8379
1280 1274
4694 4598
8039 7847
605 629
8568 8467
9538 9573
6337 6376
3946 3983
5258 5235
5064 5136
2635 2596
2680 2628
8177 8067
6365 6337
3070 3145
280 251
8467 8614
7166 7029
2385 2518
6548 6497
2859 2896
2783 2834
1081 1026
4586 4490
1939 2009
5951 5875
7072 7029
7300 7213
887 851
3568 3528
7331 7423
1479 1414
231 244
9484 9453
792 834
4039 3946
6522 6497
4092 4168
792 821
9538 9641
4092 4205
5141 5064
3101 3222
1414 1472
7663 7545
5536 5396
4897 4863
670 624
3385 3414
6875 6714
4714 4598
6541 6497
3369 3319
6403 6434
5754 5648
7335 7213
1349 1274
1522 1471
2329 2370
7545 7692
1784 1806
5396 5514
1402 1381
7619 7545
5396 5521
342 371
9285 9090
4092 4257
5345 5307
5180 5064
2270 2211
1427 1404
3946 4000
6590 6497
8067 8256
8881 8747
383 347
6056 5875
9300 9178
1163 1131
387 347
6905 6714
6843 6714
7629 7545
4362 4328
2532 2385
2090 2050
7786 7734
916 900
5743 5763
4488 4408
8952 9088
2050 2086
2095 2122
4650 4522
6169 6278
6866 6714
5381 5368
1193 1207
8747 8894
4518 4490
2946 2921
8115 8040
5371 5325
4179 4092
5013 5090
2136 2161
3365 3319
7474 7331
7734 7780
3250 3228
251 260
8747 8888
4276 4223
7272 7394
5010 4932
9259 9090
1611 1653
992 961
9843 9538
1656 1611
140 174
8747 8851
2408 2385
7272 7365
125 134
7925 7847
6714 6832
6458 6403
5396 5526
4092 4188
8498 8687
6133 6191
7065 7211
193 201
7765 7704
7334 7213
8076 8035
8040 8168
7003 7065
2035 1943
6648 6569
3439 3385
3398 3502
7309 7213
2644 2628
3398 3532
8032 7847
4894 4863
1599 1584
5064 5094
8467 8537
5396 5576
2921 2986
8143 8040
5950 5875
3490 3398
1105 1063
8498 8798
8467 8603
171 180
1584 1605
5693 5597
3398 3482
8585 8467
9840 9955
1707 1759
9866 9840
8188 8067
4490 4598
9977 9840
7512 7414
7057 7003
3946 3979
4604 4490
8544 8467
675 658
9662 9538
1770 1707
6849 6714
6314 6169
2596 2610
5396 5516
1765 1707
1165 1131
3101 3175
5968 5875
5368 5382
1008 1020
279 300
9840 9997
3994 3946
6169 6293
8747 8817
2557 2504
5568 5396
9840 9538
4368 4328
2615 2596
2502 2385
7454 7331
2211 2290
18 14
1274 1287
2754 2792
1713 1637
1026 1046
3070 3130
2827 2783
9314 9178
4928 4944
6903 6957
8459 8389
1233 1193
624 657
2995 2921
4092 4133
7688 7753
8510 8389
661 693
4021 4080
1831 1909
1355 1274
8770 8498
481 440
214 229
844 792
2385 2393
1608 1584
2043 2065
1193 1247
4580 4490
405 368
6773 6677
5582 5468
804 764
7213 7263
3070 3137
3000 3035
3742 3718
772 759
3718 3745
3301 3256
1891 1949
9369 9387
8498 8763
1089 1123
2717 2748
4490 4595
1831 1890
4408 4454
8213 8067
5782 5743
1026 1067
6406 6337
9809 9538
4085 4021
3869 3840
1026 1039
8117 8040
2230 2211
8035 8065
2136 2171
9294 9090
7545 7741
7847 8042
4328 4389
251 273
4092 4138
8747 8875
624 649
787 764
3528 3586
2216 2190
8670 8498
5782 5810
3497 3398
7184 7029
6641 6698
8998 8952
1878 1831
5955 6109
4092 4148
9013 8952
5875 5942
5477 5396
3234 3276
6169 6253
2050 2087
8778 8498
8389 8410
4490 4558
764 784
1404 1440
9351 9276
5875 5912
9466 9369
2050 2089
2274 2211
3398 3467
2717 2758
8498 8672
7177 7029
8952 9069
4092 4222
7772 7831
5396 5442
7656 7545
6655 6569
4490 4503
8067 8266
3228 3251
1939 2026
5307 5329
7545 7710
3385 3423
3323 3256
9090 9274
2753 2717
207 220
4016 3946
6526 6497
8040 8153
9830 9538
698 731
8774 8498
9261 9090
3070 3147
5652 5597
38 43
269 251
9538 9676
5926 5875
2618 2596
276 251
2476 2385
7345 7213
943 900
5235 5275
8931 8969
7847 8035
9589 9538
1089 1120
7986 7847
454 440
7233 7065
8937 8747
6022 6130
945 900
3718 3827
3848 3905
4522 4669
8624 8467
4809 4744
1387 1359
325 292
6025 5875
5698 5597
8313 8240
6939 6903
6403 6456
701 695
3070 3154
5008 4932
2720 2652
2091 2050
2491 2385
94 82
2146 2095
7847 7889
6147 6022
5052 5013
2237 2315
91 82
440 452
8389 8465
2663 2628
8452 8389
2237 2304
2073 2050
9538 9650
184 171
9538 9779
9538 9756
