# T N E F ins_errors seed
#ST: 1
-1
-2
-3
-4
#ST: 4
1      10       10      0       0   1105
1      10       10      0       0   1115
1      100      100     0       0   1125
1      100      100     0       55  1135
1      1000     1000    0       953 1145
1      1000     1000    0       0   1155
1      1000     1000    0       384 1156
1      1000     1000    0       0   1157
1      1000     1000    0       920 1158
1      1000     1000    0       32  1159
#ST: 4
1      10       7       0       0   2105
1      10       3       0       0   2115
1      100      40      0       0   2125
1      100      79      0       55  2135
1      1000     287     0       953 2145
1      1000     885     0       0   2155
1      1000     374     0       384 2156
1      1000     773     0       0   2157
1      1000     928     0       920 2158
1      1000     225     0       32  2159

#ST: 1
2      1000    1000     0       0   3125

#ST: 5
1      10       7       1      0   4105
1      10       3       1      1   4115
1      100      40      1      0   4125
1      100      79      1      1   4135
1      1000     287     1      1   4145
1      1000     885     1      0   4155
1      1000     374     1      1   4156
1      1000     773     1      0   4157
1      1000     928     1      1   4158
1      1000     225     1      1   4159

#ST: 10
1      10       7       10      0   5105
1      10       3       10      3   5115
1      100      40      70      0   5125
1      100      79      100     35  5135
1      1000     287     1000    47  5145
1      1000     885     1000    0   5155
1      1000     374     549     222 5156
1      1000     773     384     0   5157
1      1000     928     332     75  5158
1      1000     225     826     100 5159

#ST: 25
2      1000     1000    293     0      6125
2      1000     1000    948     500    6126
2      1000     1000    284     0      6127
2      1000     1000    0       0      6128
2      1000     1000    1000    500    6129
2      1000     1000    837     0      6129
2      1000     1000    391     0      6129
2      1000     1000    994     0      6129
2      1000     1000    1000    50     6129
2      1000     1000    875     370    6129
#ST: 20
2      100000     100000    20093     0     7125
2      100000     100000    90048     50000 7126
2      100000     100000    20084     0     7127
2      100000     100000    0         0     7128
2      100000     100000    100000    5000  7129
2      100000     100000    8037      0     7129
2      100000     100000    30091     0     7129
2      100000     100000    9094      0     7129
2      1000000    100000    100000    50    7129
2      1000000    100000    80075     3700  7129
#ST: 15
2      1000     932     293     0   8125
2      1000     334     948     500 8126
2      1000     71      284     0   8127
2      1000     0       0       0   8128
2      1000     1000    1000    50  8129
2      1000     973     87      0   8129
2      1000     711     391     0   8129
2      1000     146     94      0   8129
2      1000     645     1000    50  8129
2      1000     14      875     37  8129
#ST: 15
2      100000     94832     20093     0     9125
2      100000     32834     90048     50000 9126
2      100000     7321      20084     0     9127
2      100000     0         0         0     9128
2      100000     100000    100000    5000  9129
2      100000     91273     8037      0     9130
2      100000     72811     30091     3000  9131
2      100000     12746     9094      0     9132
2      1000000    62645     100000    500   9133
2      1000000    1024      80075     3700  9134